Time_4	F_4:1	D_4:1	F_4:3	D_4:3	F_4:5	D_4:5	F_4:7	D_4:7	F_4:9	D_4:9	F_4:11	D_4:11	F_4:13	D_4:13	Meas. Temp. Time	Tact
4.25037093367428	0	0	3.54702933691442E-11	0	4.61113813798875E-10	0	-6.7393557401374E-10	0	3.54702933691442E-11	0	-1.16415321826935E-10	0	4.89762896904722E-10	0	0.801194937899709	24.9255087542158
9.60845895018429	-0.0851116077974439	0.0585593100545339	-0.0404109426731338	0.0553986986584505	0.116032060696853	-0.0211891668443513	0.0310131325963994	0.00288410960187946	-3.08627527374483E-5	-0.00917019289195764	0.0500053958649005	0.0280692846500017	-0.044799454020449	0.0467197859495911	1.88005337398499	24.9223258321003
14.9635301101953	-0.842634716071188	0.337432235708661	0.267683717147065	0.0473805385680066	0.347122611566647	0.00131437514696131	0.28331853488362	0.0213287905163924	0.338881031542314	0.0154539367978543	0.325886111251293	-2.839794488807E-5	0.393603850932323	0.00713651694799466	2.80120043456554	24.9223258321003
20.316117502749	-1.77387641370296	0.727904503416028	0.213637886604374	0.109874345923117	0.212271005376351	0.0232834910223119	0.349912241491438	0.00252793193041612	0.327220636972925	0.00267009618873715	0.359043060939257	-0.00248305197629861	0.224705001972325	0.0435635216641401	3.80114849098027	24.9350575205624
25.6763416472822	-1.85137428622693	0.810696145585382	-0.138107289835261	0.138250262591129	0.0742578667541238	-0.0307166439405364	0.199064223219921	0.00441434865122403	0.159365929698652	0.0201170267895918	0.188231978110252	0.0424086478270738	0.0456678173027285	0.0498330489713084	4.80112295038998	24.9095941436382
31.0300209922716	-1.84652654081583	0.746300867680361	-0.092595939178409	0.164253966938219	0.0619819072030623	0.00128616374044555	0.202318692171957	0.0209817838467643	0.118572470250456	-0.000747116431611516	0.28890541929286	0.0317875837843644	0.0687040490911386	0.0398333470515269	5.80111501179636	24.9202038840233
36.3872320521623	-1.91626836638898	0.787927705927586	-0.0791301820072476	0.161332886273186	0.0896262158594254	0.0356101463107734	0.14730704934118	0.00632223561183309	0.109519622427797	0.00602173505471626	0.0826156903585797	-0.0215273162486085	0.0844820587994946	0.0988479028561073	6.8011862821877	24.9223258321003
41.7443098397925	-1.83176500257105	0.751527172256658	-0.0576297007146422	0.171391707751184	0.0884830181439611	0.00196725464138581	0.117430387188961	-0.00954358125177635	0.130271126862226	0.0034768084725556	0.135582847234673	-0.0287456148064393	0.165241441964099	0.0626346853821076	7.80109033361077	24.9350575205624
47.1163864145055	2.34187792334706	-0.71328767726402	0.424894674406005	0.0288468940237863	0.251318121417626	-0.035317527754529	0.0884556454916492	0.0122273479121304	0.0699610561487134	0.0216817065743413	0.0956438399362014	0.00288462855810678	-0.0646212290944277	0.0743169176598144	8.80106479302049	24.9350575205624
52.4623466553167	2.37847125343978	-0.745350908090529	0.383262690192169	0.0607340158486807	0.217629310204757	-0.0781463588163263	0.11376228435438	-0.018171839600555	0.0492799431440289	-0.00344292268339075	0.0350160617908841	-0.00208063492743804	0.014271140015353	0.0840307024344895	9.8010442815721	24.9202038840233
57.8039227416739	2.42576908506453	-0.764175954202358	0.299669591124712	0.0973359233705935	0.29290010528166	-0.0430742308713832	0.105126857083633	0.0106641781049888	0.0232446251998226	-0.0012470937580531	0.0676386138443377	-0.0195497789359678	-0.119059712351373	0.0673906725616717	10.8010457726195	24.9223258321003
63.1487539401278	2.52121074311435	-0.805671315970528	0.325595678176342	0.124172683199646	0.289510768368018	-0.06291050073159	0.0828759152618659	0.00551326307406441	0.0563128632334156	-0.00445424709877784	0.160293700226248	-0.00622437334835979	0.0134418348020517	0.147807128023459	11.8009843993932	24.9095941436382
68.4938246514648	2.58258299063891	-0.859217427357578	0.398253434062553	0.111046016730398	0.0928914477071885	-0.027515749884401	0.0708992634145034	0.0126110699522997	0.054793804091787	0.00726857311688889	0.0996508150128648	0.0462852420851192	0.0182617443424533	0.0947406040940848	12.8010531552136	24.9223258321003
73.837528064847	2.54460120387375	-0.813032567134144	0.397640520742243	0.087713642431396	0.266368914856685	-0.0361063971792532	-0.00160626389424579	0.0182697361903195	0.0656779259797986	0.0047710946892181	0.0323039061831878	0.00319812744280057	0.0561622901918781	0.077359863144693	13.8009785804898	24.9350575205624
79.1771170115098	2.6272074719891	-0.799832344010611	0.378830647131508	0.127228056280103	0.180991607620399	-0.0252152156836871	0.110597121254614	-0.00737726539338723	0.0628899261710103	0.00631983458148966	0.0678812176179235	0.0184710144508955	-0.0861134134493113	0.0771401364653457	14.8009429816157	24.9308136244083
84.5216898377985	2.73306106869131	-0.87683995252587	0.205253387526227	0.166512087214102	0.167093348964045	0.0141606296832606	-0.0106610300640568	0.00525834510634127	0.0612849742528851	-0.00506803801573597	0.116092792172367	-0.00607447763239577	-0.0517632411911109	0.0423375245112254	15.8009318998083	24.9223258321003
89.874140814878	2.71760963834822	-0.846926859028542	0.327936505934304	0.094487769317027	0.317348034395764	-0.0522556646810983	0.0718373010913638	-0.00520097932360386	0.0608379568020609	-0.00484562550670375	0.0326557842358852	0.000222832163643716	0.0250217352090658	0.0771554407613024	16.800894415006	24.9095941436382
95.2209748690948	2.69928776379675	-0.796425505349021	0.236692072859114	0.0979631839835235	0.246603133990448	-0.0354470382371233	0.0810164249014633	0.0359387323545661	0.0363567355962005	0.0182248365337898	0.0680396223797288	-0.0098900568197422	-0.0424512115496327	0.0903993052946106	17.8009009351954	24.9223258321003
100.563934598118	2.70027091912925	-0.830192440929807	0.17340818175262	0.12211748932728	0.192637385143826	-0.0318621171209088	0.0101726229349879	-0.0112380168307027	0.0471158855848444	-0.0102372917080942	0.028083895301279	-0.0105627938735182	0.00928715722739071	0.0528528365461227	18.8008697368205	24.9308136244083
105.912387407385	2.75843347143382	-0.825974836121077	0.221359922896681	0.156877656857745	0.0572646629952942	-0.0658410108847249	0.0317125984247468	0.0249203072828408	0.0473289879187178	-0.00179587487896526	0.101775050046854	0.00125099362271897	0.0429545726078686	0.0378925493677826	19.8008592836559	24.9223258321003
111.25434193667	2.7294159643352	-0.823916457184225	0.122367694388686	0.135368250063351	0.0976373602588865	-0.0356177382188037	0.0960131312767771	-0.00929937801070935	0.0381508726568427	0.00106974930706372	0.052382343755653	-0.0314803348843355	0.00268213557183117	0.0630154239099596	20.8008538596332	24.9095941436382
116.601052148268	2.70048177801073	-0.87953038712601	0.264819275623267	0.134555017724978	0.177507728799355	-0.0421424846520324	-0.00252564212405559	0.0149706121202371	0.0228155818608684	0.0030039268262243	0.0855493083786314	0.0154699142863137	0.0776352841435255	0.133472425823172	21.8008170034736	24.9223258321003
122.225874535739	2.85795299336314	-0.87377239202192	0.298871011819301	0.160717378524822	0.131297224475929	-0.009602548607063	0.0976027339343091	0.000462287130119421	0.0659273424439561	0.00649625816971877	0.144728523647245	0.0300090689183321	-0.112889994878969	0.090483995052395	22.8008008925244	24.9414233647934
127.583203780465	2.79275090899318	-0.892581959809888	0.202829464063598	0.0412442144518081	0.172610286339477	-0.0767927188754243	0.0621503233555813	0.00815273956897045	0.0313962325808461	0.00973430977131784	0.165672591347629	0.0446165162521481	-0.133817264750178	0.06440907956339	23.8007847815752	24.9095941436382
132.926403022371	2.80431386269629	-0.87637214982243	0.184214411959601	0.06107254726885	0.138682597591469	-0.0596531478810789	0.0606493336458698	-0.00434151121491766	0.0375704384869096	0.00997338193876374	0.0950834729642338	-0.000826418760667025	-0.136384835693207	0.0811148960416261	24.8007611269131	24.9095941436382
138.278233529069	2.82091768458486	-0.886820604799823	0.226089535316532	0.122046040159546	0.18223799215184	-0.0872508810676322	0.0564769010106829	0.00526626758237114	0.112263840969263	-0.000840544820391642	0.103271528962068	0.0306198169126617	-0.174331748798068	0.0612148518453068	25.8007525596768	24.9095941436382
143.616445119493	2.81370659265667	-0.899559603547289	0.113093141501849	0.108587768477889	0.278551513417824	-0.0502014600006362	0.0927856781299852	-0.00257626285080903	0.0224985522058887	0.0109144961429166	0.103531517649117	0.0153931954682491	0.0810818419172392	0.0686585922928487	26.8006930723786	24.9308136244083
148.956272321753	2.92634540330619	-0.874506537441391	0.333306786950288	0.0802514865389696	0.267198464735429	-0.0221242030269764	0.0720717304166101	0.00143813643703083	0.0318417566045355	0.00128526068522206	0.0831106893228934	0.0156555912205931	-0.0728514797101525	0.098385541378164	27.8006845051423	24.9477892090244
154.295605410822	2.96843286603689	-0.881489518784804	0.21642061202283	0.155321341689074	0.175945621444953	-0.0682223072251418	0.0657087994118228	-0.00440221578949718	0.014139521488687	0.00213818543167577	0.128512794881772	0.0249094970490376	-0.0713616484322301	0.0865138062441844	28.8006885107607	24.9223258321003
159.634930327535	2.99625909235328	-0.906554941367745	0.167311960246025	0.131715261060464	0.157693583234504	-0.0748563291056712	0.0509272338736082	-0.0170734894319224	0.0225280540212225	0.00443166754025981	0.0442064532012409	-0.0109536037523554	0.123308205750618	0.0995645529851572	29.8006736570969	24.9095941436382
164.982265410013	2.95577308814973	-0.897469610769008	0.249918253507076	0.116579072479936	0.216894972040336	-0.0669437719257644	0.0634191221070068	0.00548890822319947	0.0460244235423488	-0.00547036127068168	0.0166553129038221	-0.00829265109148025	-0.142347761728161	0.02056554300502	30.8007505852729	24.9223258321003
170.321968141012	2.90922160632908	-0.875225075799619	0.071905076539224	0.111215661405737	0.164463188960326	-0.03532834308308	0.171797203556707	-0.00787430274365875	0.050877455243608	-0.00862360171987575	0.0899371876148507	-0.0152081000869515	0.0125750325360059	0.0188627059573179	31.8006464643404	24.9308136244083
175.66829739511	3.00901342742145	-0.949269921615667	0.213985364298878	0.136799822074352	0.180970934494326	-0.0606702262975318	0.0834189572151445	0.0146239542395392	0.0241405831798147	-0.0117329336514587	0.078696905772631	0.00647672829927615	-0.0324650722886872	0.0766044190021802	32.8005907488987	24.9223258321003
181.025128754787	2.97826393134892	-0.902476689166804	0.191435795312827	0.111216027770325	0.278766715242455	-0.0506615177414176	0.0473975755985521	0.00642773365797211	0.0500497023622302	0.00886682222368051	0.0979838790053691	0.00764396256920463	-0.0844083056686031	0.0772382211184777	33.800599783659	24.9350575205624
186.367579283193	2.98862877115607	-0.907559511560521	0.147681494589506	0.150008709091367	0.185287548317774	-0.069436341517104	0.0871415312449244	-0.0226619877949759	0.0151947405961437	-0.00904839681062697	0.0789509875044132	-0.0148091147325573	-0.0387310203136622	-0.000685437743300099	34.8005849299952	24.9095941436382
191.7134100236	2.97090887371451	-0.916645396711772	0.194849763721777	0.103712054981685	0.177788160457567	-0.0412352087729744	0.0306686422300118	0.013428751245101	0.062030063770635	-0.0108716985559596	0.0645795707187062	-0.012159053987574	-0.00588338945090072	0.0600899691028474	35.8005235567689	24.9095941436382
197.062243790366	3.00263576116413	-0.922970052175515	0.361385015806263	0.102441514162422	0.212913413806746	-0.0528822663621327	0.173273047556449	-0.00207647124868515	0.0401795448883604	-0.00527225487435601	0.0997727546014175	0.0188757120930916	-0.0198480728413415	0.0711023293352895	36.8005351061001	24.9223258321003
202.403571562842	2.99331585597247	-0.941360431949022	0.344447116713582	0.11353537670297	0.227299639298508	-0.0333095720004053	0.0327387934994476	0.0185702281927576	0.0485009443787021	0.0130321296613261	0.0475310262140738	-0.000179782894051073	0.00261252823611358	0.0643426935476867	37.8005271675065	24.9095941436382
207.747035463341	3.14170781709254	-0.923784818108857	0.125434534038959	0.136848884397409	0.354690203531845	-0.0809512047405576	0.0854769757461327	-0.0153732723458546	0.062348356712846	-0.0215808270646107	0.12228859881634	0.0479469201053604	0.0226151466681586	0.093400550895737	38.8004752239212	24.9223258321003
213.097604912706	3.10392454732209	-0.918777967933522	0.176286133662416	0.103781177542686	0.270187350823562	-0.0604704497087596	0.16823246049762	-0.00273766330698777	0.0163076238854956	-0.0113027926172009	0.0307743480448153	0.0282526024201104	-0.0587147102592098	0.043631162659608	39.8004867732525	24.9223258321003
218.436938001774	2.99448214750737	-0.942837042800875	0.244343714824026	0.103367034962076	0.252563706501405	-0.0531852642581043	0.123366905500461	0.0147286374231754	0.0246052336719913	-0.0102937116875665	0.0406367594732728	0.0199017270442283	0.107450987773973	0.0872780429170916	40.8004436306655	24.9095941436382
223.797697121277	3.15543209575117	-0.994014964533221	0.172541447019285	0.141954544418667	0.223420413299664	-0.0363500556167935	0.103243268352344	-0.00539528811120249	0.0268658582062926	-0.00521654681938344	0.0672574394316143	-0.00394601129414696	-0.0541663921485451	0.103870336099533	41.8004564372823	24.9350575205624
229.146468652412	3.11899707466364	-0.956432996671253	0.159704856610006	0.101129954543495	0.283023692383722	-0.089479289876607	0.1105971478637	-0.0254272777228124	0.103326383599779	0.00835961453886114	0.0982048246182785	-0.00126278702290961	-0.160068419773779	0.0635572785962495	42.8004252389073	24.9095941436382
234.485547141172	3.14923848584294	-0.951048987289028	0.257306241776405	0.0953445507012987	0.145205287351473	-0.034390838006459	0.0730901002530118	0.0321625676504738	0.0604116122285632	-0.00368907382389239	0.106078477629126	0.0326248336268691	0.0761172845127476	0.0296612215066858	43.8004091279581	24.9350575205624
239.832996007986	3.15359321609139	-0.959295662584054	0.304712116753763	0.117355604598544	0.265240797116348	-0.0644583630148929	0.0988360700507656	-0.00852633183831131	0.0389849833672997	-0.00761173592179887	0.123041700793692	0.00445557425994991	-0.0327845898646046	0.0469114159318309	44.8003873592243	24.9350575205624
245.176326007582	3.13929535541683	-1.00029409352288	0.164753549457146	0.105088930063602	0.353768116696756	-0.0800003380529688	0.136651566376258	-0.0063883735200676	0.0694222632737365	-0.0141423701339534	0.085319027188234	-0.0199515004360649	0.00919093240599977	0.111021485421233	45.8003787919879	24.9414233647934
250.538533519953	3.17356749437749	-0.957768868321523	0.107048470562404	0.0913738379109645	0.216474518641007	-0.0442856686118489	0.139130036071947	-0.0102839000563364	0.0511510976843965	-0.00603350018749893	0.0729368503984915	-0.00554233079503774	-0.0464490715962711	0.00591607308172115	46.8003501081839	24.9223258321003
255.886236358434	3.27902212180197	-0.949557612427895	0.0655609220621045	0.137755026439748	0.246422791942223	-0.0797451617285674	0.138024086789301	0.0199888907309855	0.0985692077570093	0.00308096484479847	0.106238392149862	0.00170405373320648	0.11026929310583	0.0675005218636642	47.8003943469375	24.9223258321003
261.241828034632	3.19620833639055	-0.976510708335127	0.0641735873227844	0.0504447756471507	0.204004850699675	-0.0772719092599345	0.127838237335254	-0.00476439082173385	0.0768220367058348	-0.00115446411521702	0.0996738203734822	0.00271200047785669	0.081564141497438	0.0485784471556343	48.8003298304975	24.9223258321003
266.602147104219	3.25105637963861	-0.985508140118213	0.261287031730717	0.0946978903220668	0.226263279183968	-0.0168895425605626	0.162344476332237	-0.0230230693689322	0.0663815687457827	-0.0140190115103564	0.160040474634116	0.00943751169171492	0.100406628878318	0.114341427362817	49.8002917170525	24.9202038840233
271.953731811605	3.20054235588759	-0.994860813703895	0.169300148919774	0.102918739307739	0.154070131941808	-0.00505336070580142	0.0461106953521266	-0.00247098609224849	0.0858892956071031	0.00365258573731353	0.183496636983818	-0.0369555737593714	0.0265171263395132	0.0164241457712251	50.8002844071016	24.9223258321003
277.292058443651	3.29776540864259	-0.97761344979159	0.109980991145676	0.164768372869162	0.138600230678094	-0.0275163645946179	0.113273166510226	-0.0294868275031064	0.0829989819417278	0.000293154592100109	0.0477702941593634	-0.0269589963799035	0.0736178187535188	0.0126966897169751	51.8002657815814	24.9350575205624
282.633636415936	3.33653436414897	-0.991383829727283	0.168106867035931	0.085095832531664	0.255757058872859	-0.0378921719260461	0.115918295050051	-0.00273930494249441	0.0757033808718006	0.00405152127287067	0.157983800110287	0.0213628081682202	0.116231628825062	0.0483386496599252	52.8002603575587	24.9223258321003
287.978220557794	3.37368448358029	-0.969755926663311	0.121413733845657	0.157959894429695	0.26190810398657	-0.0235641420248669	0.146544871975948	-0.0177609842823188	0.0590744780524801	-0.00558927685162303	-0.0183102889304791	-0.0217551983808733	0.0102498100668527	0.0647480152620687	53.8001889260486	24.9095941436382
293.35580152832	3.34521418344229	-0.984753293818187	0.17934456719513	0.116946061452154	0.29302657665221	-0.0525907790329256	0.144235368676163	0.0111198832752279	0.113802573782777	0.0083342588199713	0.124931133489554	-0.00522017962181565	0.0840447641649007	0.032548083411001	54.8002080190927	24.9223258321003
298.7025261987	3.34293513558805	-1.05900658135505	0.183643388907967	0.088884691360704	0.297058023228601	-0.049955969265767	0.115244304885437	0.00552537333702219	0.073891804485811	-0.014252402362942	0.170100474105766	0.00496985750113765	0.0526729970338238	0.057270561402305	55.800190650858	24.9095941436382
304.075330113061	3.45708521362394	-1.01710160755431	0.0634635500964578	0.0752318134328505	0.236453010602872	-0.0342236596480348	0.122270671774913	0.00774994588610411	0.111713472375413	-0.017461016774746	0.08143147679084	0.00626643054742715	-0.0684201041926826	0.047220013214698	56.8001625956967	24.9223258321003
309.440039623529	3.4922236027196	-1.01338309925933	0.23645324511881	0.0684702576693041	0.293829869940055	-0.0214094775107867	0.141041025909544	-0.0207977158126766	0.126373055116346	0.000476851333914396	0.144076920929365	0.00426968124409655	0.052734379501544	0.0862529163136827	57.8001546571031	24.9223258321003
314.805603459477	3.40369297843426	-1.03468498392544	0.0957138159978967	0.0911021348853183	0.327504020645392	-0.0802649546286034	0.206510291958239	0.00454379364340696	0.087988105120985	-0.00765670220837933	0.154572814586572	-0.00968664408772213	0.0080226527124978	0.0267962170545957	58.8001328883693	24.9308136244083
320.169954014942	3.56494241207838	-1.01021835531816	0.321154671446038	0.0925208102525801	0.323660385324729	-0.0812124664999203	0.178235340721585	-0.0105233529784527	0.130541553963212	-0.0116183642869174	0.133421021312188	-0.00776982544090288	-0.0824805510419537	-0.0239140244634939	59.8001230638474	24.9350575205624
325.524400304072	3.58655872382224	-1.09212606056582	0.22900027785272	0.0430599504366853	0.33694229619141	-0.0873193687822891	0.145316276557423	-0.0218280375783877	0.0896715075132306	-0.0210209038917952	0.180353297312195	-0.00585026165714453	0.0265428147949933	0.0867713882743004	60.8000950086862	24.9350575205624
330.894102495164	3.52903428766876	-0.988568769952394	0.217138066302596	0.0622669512309528	0.249415025576127	-0.0617180704465738	0.180873184722259	-0.000175660915559206	0.123281470639085	-0.0156872312743417	0.205324833249506	0.00998272664153887	0.149223862848885	0.0885001694047247	61.8000851841643	24.9223258321003
336.260477280244	3.54101049434394	-1.10756839103601	0.509084199280096	0.102441105111893	0.18413324923722	-0.0182719486284668	0.132245217441323	-0.0168875635530696	0.172516024810648	-0.0153205219589552	0.121870642241902	-0.00164854466099484	0.103819216589727	0.0235889363687107	62.8000640440732	24.9308136244083
341.61525800731	3.50764007680118	-0.975030382270916	0.528742614548264	0.00604403765288453	0.319972766651972	-0.0518049274120642	0.239880050257852	-0.0203432097161738	0.14250541233605	-0.0213065786743556	0.185926290281714	-0.00556543638290918	0.0549390974265407	0.0753180405042144	63.8000429039821	24.9095941436382
346.955594410188	2.8598511070013	-0.833515639236168	0.378066513102112	-0.0175731802104622	0.323575947894824	-0.0324920267803464	0.22282945403731	-0.0198086921853502	0.136560246383851	-0.0161165493542796	0.201413417964886	-0.0421935974276693	0.141464559994347	0.0459077712429377	64.8000167347491	24.9095941436382
352.295549226925	2.95854112692177	-0.855056492273832	0.441371088882988	-0.0547993623497121	0.257445499762071	-0.0560303200997794	0.162361515810062	-0.0200469851173608	0.216635839014543	-0.0193582288634389	0.273528257437647	-0.00557443243856426	-0.0380384114760091	0.0591847988319074	65.7999968519434	24.9223258321003
357.630504447967	3.92711780685931	-0.998478256895226	0.545405261874748	-0.00777933189311852	0.377468535019943	-0.0661173928001233	0.140689686330916	-0.0338248612079752	0.202429146438135	-0.0176037687063513	0.214185938799801	0.0231655957623502	0.150618431003295	0.0510603473695426	66.7999606244266	24.9308136244083
362.984709338285	2.92429596278816	-0.870069647897935	0.449978615503369	0.00261058044546303	0.365384810878822	-0.0631307557826801	0.223806984048679	-0.0192821429210994	0.189443843267782	-0.0346480063005288	0.220056708446918	-0.0218443560508064	0.0342066757120847	0.0768250639145975	67.7999602295458	24.9095941436382
368.624654984102	2.98817151226103	-0.851843317266457	0.645081906925498	-0.040184238431948	0.354358368083012	-0.0723784160428806	0.258657228059747	-0.0179305118912509	0.225809143684728	-0.00823815171520437	0.266175660103272	-0.0334352387282308	0.0237800483832871	0.0744149829634893	68.7999365748838	24.9095941436382
373.991741392761	3.13896811939776	-0.882096651905556	0.616329051589673	-0.0264846994079448	0.418051670952991	-0.0499675460316382	0.226715746061018	-0.026169945887105	0.233628084297834	-0.0203196172722784	0.394419193828526	-0.0391838403224227	0.118492543614138	0.0440611208298094	69.7999324081466	24.9223258321003
379.33757024724	3.06730738375336	-0.878041317596853	0.587113091757601	-0.093354416868948	0.37288976730315	-0.0963065342671143	0.274933171449902	-0.0290994429344948	0.197830351726225	-0.0306195166908481	0.0843216599578227	-0.0161709579522267	0.155603334224452	0.0423052512424675	70.7998999524862	24.9202038840233
384.680524947122	3.07930197101086	-0.924509894051994	0.462380488128019	-0.0418818999064285	0.386602679356201	-0.0870017788471387	0.279110584266164	-0.0384940891512997	0.216805163392564	-0.019906440244398	0.126535457527098	0.0174670438312177	0.128796023161613	-0.00362415464350363	71.799895785749	24.9223258321003
390.039979004301	3.25382372736931	-0.906043004382411	0.468166000555811	-0.0117286760161051	0.526377024962585	-0.0462724423477425	0.317195006105067	-0.013811304063978	0.216778179045377	-0.0192564249637712	0.144908186270186	-0.0518077416380862	0.131863735532988	0.04908513157568	72.7998664733022	24.9095941436382
395.388304827735	3.24812234286219	-0.8911913393639	0.500856369769281	-0.0340024711660476	0.472815035744588	-0.0777948856397472	0.343947726027181	-0.0290648936385054	0.194325833720541	-0.0255779171844068	0.0401963780059305	-0.0166271564243914	0.233534325117489	0.0226247867599056	73.799876765348	24.9095941436382
400.726513274945	3.92106736637652	-1.03006021596275	0.648186640228687	0.0277458125937642	0.371565868421385	-0.0928889564335975	0.22921532112241	-0.0318799950564426	0.251256196898794	-0.0177853601830833	0.250737990728794	-0.0326396560335809	0.0992862741845784	0.0205834151792743	74.7998304795474	24.9095941436382
406.069584273733	3.22979553136975	-0.889826115251424	0.794967484385324	-0.0316454443301382	0.423878547265303	-0.0489465281683579	0.284674277653266	-0.0309188777684426	0.229453212720728	-0.0226241241033023	0.224790816163477	-0.0122602069319981	0.248574887247287	0.0206499065076855	75.7998087108135	24.9350575205624
411.415920442902	3.2937687812373	-0.932451109856743	0.595918790162159	-0.0594486565372563	0.443939823373512	-0.119199200122893	0.300030990761115	-0.0177813732945822	0.234566234087652	-0.033045535512727	0.208784645814831	0.00451829205810839	0.239829738469325	0.0776048362281045	76.7997995149344	24.9223258321003
416.778393242508	3.30028778780252	-0.963407870467336	0.780473220508156	0.0118646076431332	0.391386051192057	-0.0933489911510037	0.289337035126664	-0.0150233364601888	0.23982897404403	-0.014753698401492	0.407729158230723	0.0171760048365144	0.22513779702922	0.0301161467137376	77.7997783748433	24.9223258321003
422.119456985034	3.27839253377169	-0.941860161627517	0.758225993599353	-0.0204774955504092	0.303551622941086	-0.0361839471212022	0.286575018685653	-0.0300824219372373	0.232227857777616	-0.0180059927523502	0.250036738018935	-0.0561939398184705	0.0840200574666596	0.0717644585995174	78.7997503196821	24.9202038840233
427.458656801842	3.28593412972987	-0.980945331182397	0.760850659296466	0.00776771915667496	0.377544384165958	-0.0935886648381654	0.318327633788158	-0.0476277487386625	0.244159335099084	-0.0229750611296282	0.264173077472151	0.0038429196865053	0.143845466956918	0.0454593834559489	79.7997398665175	24.9477892090244
432.79848337546	3.5018919352442	-1.01332564048579	0.635807979266701	0.0121465841085353	0.459399350448621	-0.0532505909173722	0.255441045512725	-0.0384989594659118	0.240692736409528	-0.038985063292543	0.219504972633786	-0.00833946559660603	0.111303898494043	0.0219166856585815	80.7997910203412	24.9477892090244
438.146819257177	3.3879317054525	-0.975117971829775	0.739993300324386	0.0148359842686148	0.40578534053202	-0.0672037770843872	0.263039538228895	-0.0503224920950629	0.270323317119619	-0.0375046421007852	0.217285285502385	-0.0190795825939603	0.181702476771079	0.0538634870205641	81.799686270766	24.9095941436382
443.486526388675	3.46418683882803	-1.01258968991306	0.731922654470509	-0.0261073166996084	0.433967239870981	-0.0652739549034891	0.24382719968753	-0.0354030965020655	0.251736646760492	-0.0174373998421373	0.255872422882021	-0.02084181075125	0.22594785968522	0.018179125692555	82.7996676452458	24.9308136244083
448.836469709873	4.02644531149417	-1.05180845277306	0.727203470379663	0.0288608930922578	0.480577203347366	-0.0829562728423241	0.292092085274817	-0.0631294960327011	0.237174713812692	-0.0370886383221887	0.282003399206587	-0.0183317410682662	0.244463072289818	0.0838128111114713	83.7996641071513	24.9350575205624
454.183569679968	3.52452518045902	-1.01534191935838	0.735277037482319	-0.0149996123720086	0.332933301194771	-0.0285725308510791	0.299408971589401	-0.0109795372357411	0.256488917637853	-0.0288388021371446	0.224772716670941	-0.0283031694130784	0.0925839198635003	0.0559509287433428	84.7996523967013	24.9223258321003
459.533264058642	3.51343482453376	-0.959731615001829	0.7402056673277	0.0295869905076245	0.443755773170778	-0.0838779203141087	0.295541858424713	-0.0284847386249112	0.294384164978055	-0.0398011961424203	0.286930798690264	-0.0181939786139083	0.213052505973792	0.0207904691251173	85.799614911899	24.9350575205624
464.872465761378	3.5077442470938	-0.960337171991284	0.673137646203941	0.0189748006137052	0.460915220244715	-0.065145669243492	0.314452364366844	-0.0537505733898485	0.24972165627878	-0.0286253618402412	0.241599714097447	-0.0715346357185354	0.151875612170898	0.0420206763107558	86.799574283883	24.9414233647934
470.213667805307	3.63427234627306	-0.995119314779572	0.740689725961147	-0.0359444962055875	0.43130452530022	-0.0923827378020121	0.300711413969566	-0.0294647337784681	0.226628735696977	-0.0172320744552081	0.208809005149305	-0.0223395945473897	0.184465641502356	0.0586915976602143	87.7995776608586	24.9223258321003
475.568376867101	3.62111057154834	-1.02690324907911	0.662802362229286	-0.0397531590948006	0.524923225953444	-0.0600867892738108	0.358030960353972	-0.0483833700273379	0.255053459805822	-0.0300887808081143	0.242723833991477	-0.00384139935545136	0.270574424619099	0.00465307611554522	88.7995659504086	24.9223258321003
480.910706067458	3.64253253210336	-1.02149203245347	0.77555668605919	-0.0364314846382001	0.528531375988678	-0.064042061055062	0.335628708948661	-0.0551504969961627	0.304074390930509	-0.033868086437522	0.248576581361704	0.0363308085294989	0.277185047964849	0.0218524117799745	89.7995360093191	24.9095941436382
486.285663711838	3.70096953772008	-0.94101667898218	0.694498991629189	-0.12809083536709	0.438164196624712	-0.137988288313068	0.256909734826877	-0.045627444883209	0.280633396608209	-0.024547965469182	0.360919223473957	-0.0567140839617792	0.204371417860784	0.0129383403316012	90.7995161265135	24.9350575205624
491.621114932001	3.46441650018096	-0.897620285836297	0.538837357770262	-0.106514330328423	0.478234889819305	-0.09305043945389	0.297604192970994	-0.0399215983011203	0.287092242011568	-0.025400568508573	0.338453363849112	-0.0405996894478733	-0.0134364149580506	0.0622034368810347	91.7995201321319	24.9308136244083
496.960696334951	3.51611832994968	-0.895279232623352	0.509056628406597	-0.0637740638266564	0.422898156657084	-0.112045860795433	0.297202262885548	-0.0405898613064153	0.292392905423185	-0.0232182129070395	0.372240875815805	-0.0405538940128878	0.00329285794396128	0.0104108864276071	92.7994895623997	24.9095941436382
502.309398715384	3.35806165635586	-0.913726235709419	0.491531677579587	-0.0690303614289576	0.390641433461496	-0.106731257465526	0.338925550417116	-0.0274561577897146	0.259929216605997	-0.00488520515047242	0.238852625426716	-0.0299334240006601	0.0753292623935522	0.0190078113965768	93.7994753373787	24.9350575205624
507.651980630122	3.42287535779178	-0.810711576710162	0.598070840697346	-0.104488748223758	0.494852179004738	-0.0878698315169117	0.274717551647427	-0.0169575703157818	0.260380628244093	-0.0152170020843414	0.14305225815815	-0.0255962919380579	0.150345334556732	0.0723112081965667	94.7994686560705	24.9223258321003
512.991060376167	3.40638771932572	-0.872155590999682	0.635510170867747	-0.0749841760019478	0.435142700090182	-0.11635982735072	0.357796356472136	-0.0284146927440077	0.285799937151296	-0.0436003592904797	0.0798061366972433	-0.0216267722069432	0.0972220209096122	0.106749694824927	95.7994324285537	24.9095941436382
518.351513346657	3.41700431890786	-0.867886677337651	0.625649780691219	-0.0843243928854918	0.44394891978709	-0.0382150945745252	0.285782085323717	-0.0262889427625197	0.291224543454973	-0.0472951858186406	0.324634601330217	0.054709630420902	0.192700213454373	0.0354553068090411	96.7994200894609	24.9605208974865
523.706969236024	3.33343372307718	-0.852785691854081	0.601051488305984	-0.0614086951888737	0.458350199176948	-0.0939345809383099	0.364731169563129	-0.0278163260420996	0.230643485191194	-0.0266126274099889	0.212444268727722	0.00347882432133417	0.251059969947164	0.0149218934807891	97.7994146654382	24.9223258321003
529.084292463027	3.37445966433734	-0.86673195835732	0.60907611875291	-0.0343223103454307	0.463395479782776	-0.0515800490634604	0.354893348437145	-0.0182308596086926	0.242852459386995	-0.0395002106085087	0.328391908128197	-0.0287065919066265	0.179544876317777	0.0513917862742659	98.799439416267	24.9223258321003
534.428025422618	3.44142419937998	-0.886286114323809	0.448192269266201	-0.142063319816202	0.346471004649175	-0.0896123672629585	0.317062322973015	-0.0251492512301752	0.283859816725908	-0.0535987704630401	0.276856939106892	-0.052420374977217	0.234958141385505	0.0111049601065929	99.7993629556149	24.9095941436382
539.773076017387	3.35193196404725	-0.829864274629529	0.607031149204431	-0.107465863473067	0.541952341511205	-0.0820406783857379	0.302507527562739	-0.0762818038241733	0.322065168820245	-0.0270938031702741	0.302292168701115	-0.0459129599230153	0.146631833369156	-0.0170101309439872	100.799348101951	24.9350575205624
545.123913897201	3.40201861411333	-0.816233072291936	0.576370112633413	-0.0705338665108002	0.473219273700579	-0.0974046281897358	0.368739875690153	-0.0532273938713104	0.285852457122019	-0.028795801168755	0.291424802641814	-0.0255809365665414	0.0917875565328359	-0.00851244844477606	101.799337648787	24.9223258321003
550.461114630103	3.30986014474183	-0.842416043181231	0.652886959449006	-0.0686673701167138	0.559496169998511	-0.0688737466458633	0.344595157000185	-0.0473217842840938	0.317560387190042	-0.0482634719490846	0.240450107799461	-0.0675854734889185	0.184340326175516	0.0300119814579602	102.799318394624	24.9223258321003
555.809437938966	3.52097867894918	-0.850430171891787	0.544564381897999	-0.097890912501299	0.561178702577308	-0.0940955242716655	0.307642610335733	-0.0217699350411493	0.293732552928304	-0.031462549313872	0.227966568570082	-0.0362014102709622	0.0763388177833804	0.00385492316608804	103.799294111319	24.9223258321003
561.159398233518	3.4733573468402	-0.872271799438977	0.764063774954138	-0.0658017473405437	0.503969710781348	-0.104505442899068	0.316599913331629	-0.0425291784491719	0.295566100248834	-0.0394890817263587	0.213571278092331	-0.00542487150075033	0.201937609483593	0.0150572899914465	104.799275485799	24.9520331051785
566.52035223227	3.27574384585023	-0.832070051607673	0.626878961335478	-0.0986357122166055	0.446300516738575	-0.0221830071482145	0.314007632824541	-0.0382778532586769	0.291839309072202	-0.0373775305462658	0.270910707270559	-0.0328157876478059	0.099397968131143	0.0325625797982383	105.799250573851	24.9095941436382
571.862684575841	3.4592191549018	-0.818432776042414	0.509778143252788	-0.145337658036425	0.448970021768673	-0.0529770911991534	0.406068308403064	-0.0625980900070431	0.274880357122129	-0.0418767170951071	0.236799611847346	-0.0203059734819391	0.328207276678313	0.0803438388058169	106.799316815101	24.9350575205624
577.215764824301	3.42295473814011	-0.843289541597358	0.483958532448469	-0.138779651853611	0.499235461368244	-0.0674453657778713	0.343443862419917	-0.00563130333490847	0.295422935686929	-0.0381131784758679	0.143904551069681	0.0249813660029616	0.343669242500255	-0.024755429008863	107.799208293669	24.9223258321003
582.576720708981	3.51399570144713	-0.847443006575759	0.656018427919207	-0.126074619725586	0.551923406585047	-0.0538566747990217	0.299583352428272	-0.0463255028715253	0.28832626925805	-0.035534504521948	0.270470061646392	-0.0592199307559866	0.213610722958038	0.0181137897290711	108.799204755574	24.9414233647934
587.93337793462	3.56504325103015	-0.895180695068461	0.698694176386653	-0.0737682161275757	0.594837772562187	-0.0797230283397425	0.302572868090465	-0.0509194676183853	0.307870235743849	-0.0274068840948161	0.239428322307049	-0.0642753981176298	0.227211385882129	0.0222173049142498	109.7991735572	24.9605208974865
593.27062204387	3.5606788508594	-0.945398004226945	0.788826953655189	-0.0643916402379716	0.483052842035249	-0.0672382472323534	0.31128937470794	-0.0679575353636324	0.296460621922506	-0.0452765699299107	0.283619044740135	-0.0381548601562969	0.306848620482469	0.0730481595222017	110.799161218107	24.9223258321003
598.606455478817	3.54367992002517	-0.918814081813593	0.780057633951856	-0.0647141231762021	0.437927003666118	-0.0550260232038795	0.307591770766976	-0.0583043637794702	0.305745611623934	-0.0181554949693634	0.282163515570574	-0.0179326633786872	0.174377255631498	0.00583071490861187	111.799157680012	24.9223258321003
603.957910057157	3.78054708894342	-0.987863582633054	0.731316918542689	-0.039504656143464	0.44323816718088	-0.0453431419013555	0.381633640790369	-0.046290586364421	0.357972554070329	-0.035189225677442	0.355142236316624	0.00322082208754182	0.164006896806768	0.0323998547490447	112.799137797207	24.9202038840233
609.309365892783	3.65212099999189	-0.95104223627834	0.730138491874641	-0.0390753886972277	0.513814594312862	-0.118480677716207	0.356745264750316	-0.0263075164764359	0.319533426764337	-0.0340319618845939	0.247973162902781	-0.0485742673478029	0.234655957872292	0.081033044368354	113.799114142545	24.9350575205624
614.656447003596	3.65007561258972	-0.94662992069226	0.734269533962561	-0.0454040101747921	0.441993943317812	-0.105006137668482	0.346709548753097	-0.0453965592933088	0.325714369650541	-0.0339670137020818	0.234007911809385	-0.00850764130495918	0.168339888553419	-0.00289142874166259	114.799086716026	24.9223258321003
619.999019488692	3.87949950061738	-1.00210726778715	0.799144967805205	-0.0219624705574972	0.570603683307127	-0.0708759576600357	0.343182344912293	-0.0356529143822542	0.331301550106218	-0.0364002667530059	0.206864998305264	-0.0271510546152456	0.135918042324192	0.00117293442865218	115.799082549289	24.9350575205624
625.345096657053	3.7646666271612	-1.06311779374988	0.734820118209427	-0.00715826098624461	0.45709218801494	-0.101423613317991	0.357130693928411	-0.0651488074322089	0.336522842482736	-0.0367646236724397	0.214266610300001	-0.0365690314230847	0.177920617652944	0.0186856521237218	116.799047579058	24.9202038840233
630.68730201479	3.86895325127989	-1.06640819775225	0.786322892368389	-0.0126942336985962	0.42202019961087	-0.0701146880042529	0.326441099991371	-0.0456294121208884	0.308435291087335	-0.0396489350458751	0.256282483195719	-0.0241179164461158	0.16793077488046	-0.0176734370499076	117.7990019219	24.9255087542158
636.04376436118	3.98874993063509	-1.00683088829021	0.713278245837046	0.0673080775753192	0.441298189475219	-0.0557777586241741	0.319384036709835	-0.0535245699696389	0.345588801671056	-0.0419296212901656	0.194187040239285	0.0382767423192689	0.165652421148025	-0.0166452831870316	118.798994611949	24.9223258321003
641.390710313804	3.86950755491853	-1.05282101276856	0.64772816005916	0.0181886075295665	0.465109303309873	-0.0613651975801588	0.322738667010071	-0.0599489947589262	0.301870990166208	-0.03226472163702	0.360699581712197	-0.0517994900069851	0.331194529656386	-0.0113358616677033	119.798994845711	24.9477892090244
646.73254540097	3.9596446165815	-1.05253093833505	0.661437341978854	0.0161339630775785	0.520406412794273	-0.0807847224680245	0.365507987319234	-0.0828791940580516	0.313390606842859	-0.0410085083951657	0.345901506751488	-0.0180517683739083	0.254423603905252	0.0728872318919116	120.798954846337	24.9223258321003
652.075128572993	4.05258753057569	-1.0748371723048	0.707337887372432	0.00212598295570388	0.455871207728251	-0.0931949490159525	0.301113537770107	-0.0427628838759802	0.336138962907171	-0.0446338971293443	0.321273632908287	-0.0411013417607506	0.229185443001825	0.0144981501735799	121.798968281597	24.9223258321003
657.417486690916	4.04877919238061	-1.11939835202588	0.624066417451559	0.0231055007264729	0.494724136307013	-0.0641527435511762	0.337201580795409	-0.0531467483825878	0.367580159706449	-0.041043422267208	0.421066391757904	-0.0647792905106286	0.211008687348567	0.0504165772460681	122.798926396295	24.9414233647934
662.764291198924	4.04817203152925	-1.0838243181538	0.613656900858587	-0.0264197617696595	0.588998900069782	-0.150021320759066	0.330088805265405	-0.0340234669384358	0.327810412515191	-0.0318009035398745	0.356712700174739	0.0132108598680674	0.22251657732113	0.0467484146350188	123.798917200416	24.9477892090244
668.098863576539	4.18216422945261	-1.08849496925347	0.641896116272164	0.018754749685769	0.555299084349826	-0.0878703796199716	0.377044341784313	-0.0281895202003426	0.313910348583249	-0.0364921976292294	0.361443824272101	-0.0365035620445013	0.271630216593167	0.0727278836700407	124.79888788797	24.9350575205624
673.435198668391	4.11359428241849	-1.03949830330856	0.661666782608336	-0.0187830239283358	0.467591315969003	-0.0747837884014757	0.38465770479479	-0.0142574888000411	0.311179705827726	-0.038046344438925	0.389574938083115	-0.0317601529014269	0.330469947511574	0.0254018683364592	125.798889379017	24.9223258321003
678.773036216386	4.24739387817681	-1.10742704635845	0.517510512879198	-0.00817460894342048	0.529793683155731	-0.0981117546859025	0.351038093403986	-0.0485072186821611	0.300172588927126	-0.0409753737246632	0.388832481630743	0.0171488109625386	0.249526893780057	0.0250510452721784	126.798841207288	24.9095941436382
684.114232602529	4.11429074313492	-1.10092280423106	0.797775764053767	-0.0202199918578572	0.507137710317238	-0.0740476250975632	0.314288255749943	-0.0353767265605853	0.31314967162325	-0.0408719339082637	0.291108744271696	-0.000615993433996209	0.294851742601622	0.0142155832975703	127.798837669194	24.9202038840233
689.448561695404	4.05656666215509	-1.04861823454587	0.751706957231818	0.02154282479313	0.474778151973169	-0.0599340109027651	0.291518437401464	-0.0353024068252807	0.284704182746736	-0.0422028166427566	0.213038234431679	0.0156025674839526	0.165554359472026	0.0213060908676539	128.798833502457	24.9350575205624
694.785645500757	4.14138161204755	-1.10642248610361	0.712695917770816	0.0161103097254625	0.404439861788433	-0.0648656489986195	0.411640876496222	-0.0312052866724457	0.311723169389097	-0.0452080875888612	0.419251609815547	-0.0107800829983233	0.176340203935524	0.0110566456712178	129.798811733723	24.9223258321003
700.117721538059	4.16756808478385	-1.13290368307247	0.699677960361896	-0.0348748383558757	0.446272673918884	-0.0920318955912762	0.327121516813804	-0.0630126954810777	0.347030267154878	-0.0456595917968343	0.303296059930744	0.0304371987769798	0.179152269692622	0.0369386222954233	130.798800023273	24.9350575205624
705.466675375588	4.08639489952475	-1.09960418461986	0.618709486634089	0.0443227250760003	0.478809041245768	-0.0928777414137869	0.281598951525666	-0.0363635434372469	0.322925262188619	-0.0401136270337048	0.298478005845482	-0.0269535424793474	0.264082490741202	0.035808993477815	131.79876253847	24.9308136244083
710.811126245186	4.25472050346434	-1.19179200261016	0.678426660012065	0.0231835104326876	0.597456213547957	-0.0752183448587402	0.354912341031195	-0.0404240616083058	0.322186621562651	-0.046132032527197	0.299850181983402	-0.0884082905078145	0.183603065434909	-0.0268366617055733	132.798739512451	24.9350575205624
716.157827027142	4.42961396835744	-1.17575639878163	0.642763492376162	-0.0247604651873132	0.646347579076064	-0.070033483358543	0.363031226999738	-0.0295945499244681	0.359419447715936	-0.0576385214420583	0.298871155373035	-0.038848047787738	0.125777245057634	-0.0205750862706395	133.798737231642	24.9223258321003
721.500286985189	4.23749813716859	-1.10055489290136	0.608990338355852	-0.00763435684785918	0.500203049643915	-0.104101225891128	0.436688822685483	-0.0226737883794215	0.37851638516031	-0.046749993789831	0.344256614980168	-0.041988040135081	0.220733670577829	0.0275565183360413	134.798702261411	24.9350575205624
726.838491660543	4.31810910999775	-1.11705907900568	0.76183514424747	0.0238447713084895	0.482282012417272	-0.0925095331359955	0.325554413845111	-0.0470523654741868	0.330194226605272	-0.0365468953033883	0.336350335876887	-0.0739906680629332	0.277356652029539	0.0555052091508372	135.798685521819	24.9308136244083
732.179948933423	4.25814313534647	-1.1103601767386	0.758998728703318	0.0735539483037257	0.50641455323921	-0.0485555910014455	0.323189469710996	-0.0590851634142524	0.300660131741552	-0.0310600712365243	0.370979358410295	0.0349695662719398	0.284389068217479	0.061135275046027	136.798666896299	24.9350575205624
737.53927851934	4.21163659915328	-1.12206952508296	0.686515267353116	-0.0241280343672088	0.559835706367267	-0.0517819957215977	0.319096131374408	-0.071480863012809	0.351064398920244	-0.041211354577996	0.278448316744743	-0.0524431895075139	0.156284609009617	0.0400484502388707	137.798657700419	24.9350575205624
742.921383203007	4.2695466466248	-1.06205249980229	0.81484984858389	-0.0305009474198528	0.579533561035078	-0.123431166185611	0.344395273888495	-0.0569087864679148	0.376010388999475	-0.0328875658618273	0.355730794253759	-0.0172087355692412	0.222681267820008	0.0449619068700571	138.7986346744	24.9477892090244
748.268302752636	4.40786791220307	-1.14665142951202	0.66127803428526	0.00511929185239524	0.541894223257259	-0.137928788373586	0.397392595843485	-0.0587762101961715	0.357810595832689	-0.0289052265110143	0.392163465529393	-0.0391070022122477	0.191912143192894	0.0243543471955263	139.798685828224	24.9095941436382
753.603017832153	4.38511182274669	-1.0971829571476	0.654226108800231	-0.00783331022290668	0.464846660657713	-0.0529770437585455	0.377153728015401	-0.0406694116405362	0.355556734769834	-0.0426495977207821	0.254289179923944	-0.0463977504946484	0.133976655427432	0.10754755263693	140.798588622361	24.9095941436382
758.943098377436	4.35547516494989	-1.12908720255012	0.836426111594392	-0.00291861403565008	0.587615821971667	-0.0925737952468353	0.373455578053381	-0.0383151130452433	0.329850329328565	-0.0350947036927352	0.418407089891843	-0.0353515628259231	0.276586836263959	-9.39433339937068E-5	141.798568110913	24.9223258321003
764.283793735318	4.51773666124791	-1.13710347283381	0.677078587349115	-0.019096924397985	0.339763664170277	-0.0942154900259879	0.276325446544888	-0.0303409828270702	0.34622298184604	-0.0405473572418202	0.298452233609623	-0.0228464817630538	0.185207796700979	0.131861269585798	142.798568973318	24.9223258321003
769.622756553814	4.38968337420374	-1.10082421891173	0.632155413464261	0.0313297954797918	0.485824826821045	-0.0747387393546433	0.36306840646148	-0.0575424673320697	0.310832028623281	-0.0396258390766775	0.316971748273318	-0.0368594039463659	0.184153168736884	-0.0147025176175646	143.798556005582	24.9477892090244
774.966080895625	4.35252758208662	-1.15541079367972	0.693471971314011	0.00972345036811362	0.573597673787845	-0.0945687997754874	0.39784831486304	-0.0529509152634375	0.321919749216249	-0.0337049637128786	0.36158320363802	0.00619856012663433	0.276569323387776	0.0214891648806343	144.798512862995	24.9308136244083
780.305784255266	4.47479869425297	-1.1489246887229	0.757449132115198	0.0286477455665306	0.578551923944815	-0.071963501669984	0.408546849411323	-0.0412648488190825	0.339616686969293	-0.053890283568947	0.364937001892031	0.00418319215837926	0.369451334186579	-0.0138555808168377	145.798510582186	24.9223258321003
785.65336387977	4.57286877185106	-1.17051564189785	0.691080796878396	-0.0133988808324546	0.510360733880589	-0.0544303599357079	0.366724375493504	-0.0484469853406608	0.326420024072831	-0.0432168790599405	0.322058427623688	-0.00059903543686346	0.196854235950923	0.0192842754055533	146.798480012454	24.9350575205624
790.991566669196	4.45249887462705	-1.14561396987358	0.682231927326029	0.0129523663001692	0.590336155607474	-0.067456865232657	0.402404781289079	-0.0334027432711679	0.337691395682668	-0.0595678107136735	0.387004301512661	-0.0214147181672928	0.25014139187715	0.040124832180652	147.798470187932	24.9095941436382
796.34427350387	4.36408121418208	-1.14570905752811	0.608974299118472	0.00328578650453437	0.617159506394728	-0.0983645697684778	0.330300394303777	-0.0589910824012492	0.343467787771715	-0.0552155462744111	0.273025137340483	0.00949641904657028	0.136311090253002	0.0898247291762004	148.79842578806	24.9202038840233
801.689732087776	4.70043855998665	-1.10503248027999	0.746647880137516	0.0221551876575745	0.517267093523515	-0.091452376481584	0.398389854991819	-0.0563338153859263	0.322436799641309	-0.0418163912195837	0.236155910131401	-0.0350700417352101	0.259042049746313	0.0640319448483098	149.798488886096	24.9350575205624
807.04980724398	4.59767994191498	-1.18073637493336	0.716762460803693	0.0161141156014253	0.603720391257866	-0.0933222521952075	0.319417615412476	-0.0568281121241228	0.315721642675726	-0.0470184124075672	0.336004304498147	-0.0560906134285801	0.311356742138287	0.0500274677436181	150.798413054086	24.9350575205624
812.410513557494	4.55836822092533	-1.16164130150707	0.547055458064733	0.00696926091438854	0.624257411524013	-0.102995723875409	0.271935619804026	-0.0424197775227384	0.332925516733667	-0.0355269311234849	0.338032093121001	0.00161240361303783	0.204208711508727	0.0498791806713257	151.798375569284	24.9350575205624
817.766591803171	4.69373766425997	-1.20472650374427	0.824098220130509	-0.051551001825942	0.438895763172695	-0.0897397509006908	0.39633619505048	-0.0246515147245532	0.355776185826471	-0.0286505517293563	0.402344716426796	-0.040307342817357	0.179551408757561	0.0578408379492998	152.798366373405	24.9308136244083
823.117045582272	4.67829366307706	-1.15915476233931	0.773307884147471	-0.0549636374757085	0.437215237780492	-0.0930083374350943	0.356224590504553	-0.0356766913828608	0.344327437416723	-0.0423691338749705	0.321344326726376	-0.0236288593213061	0.189291519530798	0.0496291698641471	153.79836283531	24.9223258321003
828.451377189718	4.45857080444694	-1.14995919950127	0.805394360831087	-0.0351595319467606	0.447867413326094	-0.0454052863680943	0.396116183662798	-0.0447368927827938	0.387787708841188	-0.0503749686735091	0.308043538730089	-0.0503882211767603	0.181175553371304	0.0116443473975067	154.798341066577	24.9350575205624
833.789583751	4.61900113616139	-1.18241499752725	0.71513663111682	0.00422158359108948	0.529970882549151	-0.0877534935807489	0.434821178196671	-0.0532712727959535	0.364519247613771	-0.0547565668297665	0.393272449230608	-0.031749881699497	0.338391335454617	0.0392707571466389	155.798329356126	24.9223258321003
839.124034800567	4.5281000174582	-1.1879412008638	0.674737515584184	0.00866849052880525	0.628788726492985	-0.0562063681064728	0.409606134643127	-0.0430946069525362	0.342861532372808	-0.0455596612710139	0.394833288970403	0.0149872408754561	0.295372461386705	0.00601824410739482	156.798330218531	24.9095941436382
844.465619687922	4.48784155957401	-1.17076490783256	0.705920452287501	0.0146212394865017	0.601379804774297	-0.0765585518200851	0.392494526683095	-0.0290485037161545	0.344626245434938	-0.0588040916291419	0.340417827955662	0.00356158635197801	0.0175688758804426	0.0163908894762983	157.798293991014	24.9223258321003
849.814567239024	4.71599203720689	-1.2001539430596	0.620784249812914	0.0463298073992178	0.545400859131405	-0.109688651778953	0.331356192664316	-0.0384677968350786	0.380856807068994	-0.040521553245398	0.319171417726466	-0.051146937574913	0.221975998153084	0.00777045229951057	158.79825839214	24.9095941436382
855.173277611844	4.68765098229051	-1.17807477953943	0.565970776017366	0.00286678722966371	0.403756405874447	-0.127954765359846	0.391405946832492	-0.0626992889055629	0.415633618867105	-0.0374244942855171	0.341185778263025	-0.0264801810739357	0.278670017452441	0.0388069722747559	159.798251082189	24.9223258321003
860.521610978991	4.65503556188196	-1.23524636226887	0.672591799284874	0.028921030241662	0.534012879892543	-0.0662240248531134	0.36496771059592	-0.0754381082330724	0.338463904164655	-0.038599965263117	0.288352933002898	-0.0331746150850307	0.302392882712866	0.0156429116606773	160.798219883814	24.9202038840233
865.884930560365	4.7827025745064	-1.23108451353409	0.463375513166739	0.016880314249704	0.530166247948273	-0.142578924041231	0.426041693950083	-0.0599164286432909	0.341626764207376	-0.0440287952021947	0.328265290929266	-0.0332520387642177	0.155989037600193	-0.00707550519415179	161.79820251558	24.9223258321003
871.247017373331	4.77460127044469	-1.20385736189337	0.641662062491832	-0.0263056192921169	0.596447485401313	-0.102419462492207	0.477357402834059	-0.0751235086131317	0.406851561568601	-0.0328960677265968	0.353406338412697	-0.00909357830298063	0.269447625173143	0.011208243504683	162.798182632774	24.9095941436382
876.602595219389	4.76146248355508	-1.20338770507931	0.56019445015545	-0.0826033479675061	0.596593561484497	-0.111377852319748	0.412624721406701	-0.0663850846312783	0.369927152199125	-0.0473183597249118	0.333933027513922	-0.048720586874083	0.240987650393436	0.0396575235575369	163.798246988095	24.9223258321003
881.949298515916	4.72110160440207	-1.20704247309266	0.482736540373025	0.0141188069514726	0.484910931899321	-0.0967874040769914	0.443524756992247	-0.058315370905305	0.331707079413263	-0.0519610972782942	0.278708318978261	-0.0329380930125467	0.230057997115637	0.0222499617211156	164.798143495806	24.9414233647934
887.283380552195	4.93073252215981	-1.24402398019839	0.61282710548312	0.0352055758374945	0.573778475536983	-0.124534507530456	0.457812929118063	-0.050571919197921	0.394438501069089	-0.0482552400738854	0.486370545780119	-0.0598498072488951	0.162700172144014	-0.0253609738231404	165.798145615496	24.9350575205624
892.65686277207	4.81543994974345	-1.22689693876225	0.591515236880241	-0.0370058907722637	0.607792916609924	-0.0907614404359833	0.412831939082935	-0.052643498095378	0.360852101646287	-0.0450924486713546	0.322398126686039	-0.0250583448188877	0.268184161446698	-0.014308257228663	166.798093043268	24.9095941436382
898.022917577997	4.8645321149379	-1.26605615274508	0.480729019925548	-0.01307604891295	0.511639503105471	-0.0766327943376552	0.351973067827203	-0.0479827975749458	0.370780322322389	-0.0314872019732491	0.287044081381737	-0.0407307725426307	0.186876836794454	0.0010185080259788	167.798078189604	24.9223258321003
903.387239844538	4.94169340468943	-1.26248575205443	0.479799730738705	0.0123219335376632	0.590671398951599	-0.0996817608929916	0.395172643200567	-0.0602233598914097	0.395358137821859	-0.0254743451774004	0.357804101859983	-0.0466546293562402	0.23369471777778	-0.00540924755915739	168.798066479154	24.9202038840233
908.771942708641	5.02233288064599	-1.22990523118722	0.443628278285814	-0.0469375012524438	0.49166172416426	-0.085294799080458	0.439889794339706	-0.0582472582681817	0.367714362875631	-0.0427819051447216	0.308372206191962	-0.0274080226479896	0.369273406298362	0.0167342195932036	169.798103802837	24.9095941436382
914.127150912769	4.97240412980318	-1.24946927789387	0.556962406918956	0.00823921565682895	0.62861362890817	-0.0957507947694864	0.466055393609167	-0.0552774231706508	0.350254103576845	-0.0337463465995285	0.326102142867512	-0.0416973911323169	0.325920722722003	0.0771160234950656	170.798048716038	24.9095941436382
919.490270585753	5.06497928034514	-1.2294535823475	0.523033319076603	-0.0274173696254252	0.667734374566862	-0.0673912131496479	0.410954778074029	-0.0263384975156242	0.37484422578018	-0.0526123742711349	0.403166374583179	-0.0424933859590624	0.291700499478793	-0.0198841625239226	171.79808101058	24.9350575205624
924.853434892371	4.91987822297961	-1.27666213107892	0.658004344787059	-0.0580787811553307	0.538627912565062	-0.0904596633354799	0.460024618002535	-0.0264204081931894	0.376111593547193	-0.048962077098949	0.381337513861126	-0.0123978642255196	0.297089150808461	0.0541139735961451	172.797990719788	24.9202038840233
930.213758362457	5.04568065609783	-1.25120883205057	0.55917951157744	-0.0198209205640296	0.556583988382499	-0.100854095599033	0.465626582893492	-0.0454848089277817	0.36194957796306	-0.0467889577671201	0.317300058107321	0.00757937035096745	0.14716621537309	-0.0297361222362866	173.797982152551	24.9095941436382
935.574222019874	4.99079196900129	-1.2750089974669	0.491428960770918	-0.0133751297503011	0.457726333751452	-0.0920918366107628	0.440371540366414	-0.0787846085193138	0.372031139038427	-0.0412046454199668	0.418232508564415	-0.0204475967950231	0.269446457151389	0.0567521698610278	174.797963527031	24.9095941436382
940.920702776872	5.00775420572609	-1.28214697314303	0.518174856315909	0.0448911848707212	0.619734523161242	-0.116841587085048	0.463152142898252	-0.0656659219365565	0.382075510126924	-0.0384635759553333	0.306199740840384	-0.0350104425997273	0.267223767279575	0.0400899913919659	175.798039826564	24.9350575205624
946.269506368786	4.95966943819076	-1.24855343273634	0.550720832035495	-0.0583804775803856	0.596540181054934	-0.124244871097602	0.474798921353795	-0.0456008033547164	0.376434494259684	-0.0343315752562745	0.399045574277352	-0.0366132307340195	0.193939882318773	-0.0326132184128767	176.797924390063	24.9223258321003
951.608463529497	4.99640756472945	-1.23942893709705	0.510960506310767	0.00883641115223099	0.461569245620922	-0.0891294013790116	0.447510318422701	-0.0422329487801676	0.34047300206521	-0.0331799684889234	0.401700089484166	0.00367949675920443	0.211426945749736	0.0323480815622759	177.797988745384	24.9095941436382
956.943916635588	5.02219217550009	-1.22716450731434	0.590033343097275	-0.0576481030213074	0.55745679335223	-0.122017973332447	0.419862994516279	-0.0292175107870776	0.420037612354463	-0.031080716227919	0.388661498256624	-0.0735240679444331	0.329683846495755	0.00271278690401289	178.797926743515	24.9223258321003
962.304743648507	5.04908381681889	-1.25349041360454	0.611020304918839	-0.0208286253010499	0.591339520826295	-0.160977282097861	0.375060293681599	-0.0423867469885977	0.416116014158433	-0.0310795916079343	0.371412606962622	-0.0534911328826979	0.190904763372146	0.0685237177219591	179.797884858213	24.9350575205624
967.654825271107	4.99876429606229	-1.27480206156525	0.518047846268473	-0.0646647551620845	0.564535223408711	-0.0518880903379397	0.477225517978241	-0.0317429238757398	0.436958306401266	-0.0501397255498546	0.388819130867432	-0.0671389398598166	0.158992416500041	-0.0321135318690864	180.797854917124	24.9223258321003
973.018776009791	5.0337174423039	-1.25795116628154	0.589192024778185	0.0125440370458421	0.685816425546363	-0.0884599284352134	0.41414009073651	-0.0714587761386269	0.394028446776247	-0.0424343238181422	0.382224137016237	-0.0190350190110138	0.241051864655219	0.0523413015574192	181.797832519747	24.9202038840233
978.361745168455	5.04500940721482	-1.24438821747458	0.537860714555336	-0.055696019568785	0.616461924924806	-0.0729179677855143	0.37968342683871	-0.0443026359561571	0.420821601353509	-0.0468843533662948	0.370865557564684	-0.0407762357705082	0.388479261360771	0.026295438397824	182.79781452287	24.9477892090244
983.711179289035	5.10108506865799	-1.22833423327893	0.681900904859958	-0.0133429587642411	0.649880106463115	-0.129973687674351	0.441369507319905	-0.0534572463375156	0.393026567203378	-0.0417155201368047	0.359777098913128	-0.00598155734743955	0.190541139505513	-0.00446623401329305	183.797804069705	24.9223258321003
989.062266740017	4.96857241541147	-1.24511117344952	0.508773346156431	0.0108172121018981	0.504658899917558	-0.10674234646649	0.426285282167555	-0.0789348725297288	0.414201171897275	-0.0503294839644042	0.348630613784735	-0.0371218169002105	0.200262922996899	-0.00544558454026856	184.797786072828	24.9095941436382
994.403847226873	5.16317002847791	-1.26113010644013	0.681145580520933	0.0202005753788228	0.478306395276377	-0.0497095687864828	0.448282006986119	-0.0432276215138359	0.409704445172338	-0.0513910104949957	0.451317673940594	-0.0235630265768663	0.367941183455969	0.0010476470728662	185.797765561379	24.9308136244083
999.766295509413	5.04481633659452	-1.26370396390189	0.486958749627775	-0.0719073751381814	0.617540705665306	-0.0751997361797123	0.402767042354753	-0.0284599538413772	0.373806264701216	-0.0417425561719824	0.422782449443275	-0.0380349285947119	0.211879801781379	0.0124530040827011	186.797731219791	24.9095941436382
1005.12925236393	5.06398147344589	-1.2715394376213	0.580947145234404	-0.0244916823993719	0.631039669825896	-0.0812979753943921	0.393451377075507	-0.0605133999284817	0.366586718329927	-0.0573987297979386	0.37500124142116	-0.0176355699368287	0.273449795094166	-0.0067252598997527	187.797735854052	24.9095941436382
1010.47258739267	5.13734493590891	-1.27387830240536	0.67915908871646	-0.0461417383984895	0.625865081413849	-0.0694786210855511	0.465347927986386	-0.0223563922682075	0.420614876716627	-0.0262653321552193	0.388184562886181	-0.02017979454223	0.367031786221105	0.0014623943201002	188.797705912963	24.9223258321003
1015.82128411531	5.149160111323	-1.30236937572124	0.480792398289395	-0.049759166294308	0.717241772725174	-0.085067042189479	0.440977543982626	-0.0756444644251246	0.410388960642194	-0.0585481750844394	0.36473735139316	-0.00685551017870978	0.43765113322479	0.0434691533214249	189.797752666287	24.9202038840233
1021.16162051819	5.31813706085086	-1.25619011462931	0.542865704780525	-0.0338076985621001	0.57317532123534	-0.113819562869566	0.476072635359742	-0.0639055844803664	0.401671576039007	-0.0652498332747342	0.414915456573908	-0.0656518934121948	0.322315656138471	0.0267379185214196	190.797660489567	24.9095941436382
1026.50757007208	5.09614625200629	-1.24534652744899	0.454545021092599	-0.0503099744956046	0.710358731909764	-0.131564094997685	0.501630416264106	-0.0279411240344842	0.382014566861017	-0.0537439482853728	0.436136165686548	0.0105223920650133	0.25662356377461	-0.00572936131827362	191.797665123828	24.9223258321003
1031.85239749867	5.49119603633881	-1.25080527831494	0.662668933506666	-0.0614146478560826	0.69222546265928	-0.0675663424377717	0.514368725000622	-0.0131491415502296	0.446398534744276	-0.0325873057673647	0.434129410052719	-0.0342988905088504	0.30660573900559	0.0262571298777772	192.797631410882	24.9223258321003
1037.1997332098	5.53347673360258	-1.32013667803574	0.612912522043644	-0.120581784692774	0.551486535831373	-0.114354484959108	0.472483404370905	-0.0304263141364487	0.417855514455823	-0.0485831667547103	0.311315371115143	-0.0139811497312792	0.33742928152742	0.0355314920529537	193.797592668794	24.9095941436382
1042.5550602274	5.58454259112477	-1.33016312607941	0.504641422416626	-0.0694470537617349	0.754291815771921	-0.0651887255583858	0.432532162928965	-0.0543466828022048	0.403831484452894	-0.0399873649111271	0.320042577540335	-0.0227487785564193	0.226569859371011	0.0117163185342974	194.797585358843	24.9095941436382
1047.90613824874	5.46101448126137	-1.39860079399892	0.55966816908176	-0.0150582511827793	0.678961383267506	-0.117850932950148	0.451583564671637	-0.0359926641708341	0.405921307738481	-0.0525202911497615	0.483510104653305	-0.0644563173990775	0.232419907963504	0.0503384877861919	195.79762582574	24.9223258321003
1053.25746646989	5.62016660068184	-1.34458384569371	0.669410747821985	-0.121961364110405	0.515399668826831	-0.0713035689263961	0.464827424039413	-0.0565176556966378	0.390586151052503	-0.0407031493105166	0.377707351898607	-0.0318344702826323	0.346223635659044	0.0594862405504557	196.797556280158	24.9350575205624
1058.60717279278	5.45198243297637	-1.3806751503156	0.577338815391613	-0.0401024874404641	0.628954204632919	-0.141556164087888	0.500520051980402	-0.0335851730602741	0.403871665434053	-0.0265972043240765	0.417153172755661	-0.0317009646808515	0.331905176349665	0.0132230770410189	197.797517538071	24.9350575205624
1063.94250268489	5.35131736751646	-1.28316020240356	0.619156768580979	-0.0526266316857402	0.552194677009538	-0.0719379494916836	0.48604703946512	-0.0552034731529716	0.446521182062952	-0.0429813315703029	0.439529468273577	-0.0203150354170987	0.272322185827306	-0.0131919911444385	198.797519029118	24.9308136244083
1069.27921119053	5.88418505433947	-1.38074612918371	0.513299616089171	-0.0648979722326715	0.807419303520874	-0.122828631509606	0.485909691204597	-0.0389639695771962	0.4563509929867	-0.0398693779863493	0.392653261956639	-0.0317484231319582	0.287339439102198	0.0177281833704939	199.797506690025	24.9350575205624
1074.61391495448	5.4498033663258	-1.3054609031592	0.457504422749935	-0.06335118100003	0.671677518352226	-0.0806565624257018	0.436484771506002	-0.0533509428545784	0.398141057162775	-0.0298430916807746	0.419450295125898	-0.0480094255734684	0.311344658442522	0.0195729624863077	200.797483035363	24.9095941436382
1079.9506203169	5.43713788315654	-1.32932311010529	0.529810373396231	-0.0707202685071309	0.58144875587459	-0.0972963237586271	0.365154517938663	-0.0578629502882109	0.39484179023475	-0.0528519390534115	0.44615414523787	-0.0403431515761241	0.281277602025057	0.0122864875675077	201.797526016831	24.9095941436382
1085.2939503165	6.16847759857774	-1.42831556970697	0.480187600514	-0.105834957920564	0.719185355021636	-0.138670928233836	0.412726586808731	-0.0840964193392324	0.445075617104067	-0.0485523785384316	0.414257434842057	-0.032508225614265	0.306887771564561	-0.00943224757085659	202.797433840111	24.9095941436382
1090.65252930298	6.11012312583625	-1.42746819645845	0.561512541061347	-0.128399249487984	0.656104107662031	-0.110445047260157	0.464828945022418	-0.0777796642722279	0.438262788821248	-0.0466430916868319	0.396132614008366	-0.0406990946923287	0.35898129690986	-0.00154222559156381	203.797432187945	24.9223258321003
1096.50647499505	6.16187646519393	-1.48280371951131	0.536115283181971	-0.172074576674675	0.602639388009266	-0.0873089384858758	0.519492456281569	-0.0893903177895368	0.409634051259218	-0.0631979257728119	0.418286892384003	-0.0528971677956491	0.301215728804891	0.0287280402249337	204.797410419211	24.9477892090244
1101.84318035748	5.77247609943151	-1.42648403455831	0.496699374825312	-0.0855368025370069	0.672821479751747	-0.105200211119552	0.504016020858671	-0.0475343391764085	0.444820704595259	-0.0554599125875654	0.44872657062524	-0.0439092303732878	0.42392932443363	0.00457457062086064	205.797404366545	24.9095941436382
1107.21176042128	6.19159497786313	-1.43526860371134	0.595635050943201	-0.163421475599819	0.705467130705074	-0.10757564946357	0.544084934641887	-0.0546294758115238	0.429645545816129	-0.0536563453362788	0.39611686822218	-0.0363493873695688	0.242490265148717	0.0201846438461217	206.797369396314	24.9308136244083
1112.55633827671	6.21489138901234	-1.45853041664952	0.623685018505512	-0.144720212186996	0.714124566777627	-0.154031594217287	0.457938832222226	-0.0492355076462871	0.418861781593023	-0.043824279802422	0.383106214639611	-0.0338261790739836	0.354298164554621	0.0386857476255074	207.797350770794	24.9095941436382
1117.90291458741	5.65432368963957	-1.41200212821417	0.503453715429259	-0.0939130693849108	0.556506426348278	-0.0972079091019964	0.477195900856259	-0.0334280863557694	0.384841299754953	-0.0599092589797863	0.358849989303053	-0.0119716763601474	0.261493961314955	0.0224078345829213	208.797327116132	24.9095941436382
1123.25175338332	4.3637669775635	-1.02019934246681	0.612097173343955	0.132518480658206	0.731928899600462	-0.136636474471885	0.491392576659109	-0.0591246039272022	0.443304453494875	-0.0594328403362852	0.444996068983983	-0.0359147838155991	0.304874218343684	-0.0256132230976078	209.797320434824	24.9223258321003
