Time_1 F_1:3 D_1:3 F_1:5 D_1:5 F_1:7 D_1:7 F_1:9 D_1:9
-1.71363353729248E-7 0.000622011756604479 0.0167125408327855 -0.0282310743861672 -0.000993520314008305 -0.0304150018663937 0.00202003172206137 0.0316298934469867 0.00178308252642201
5.39633824117482 -0.00321248108093641 0.0285516268390189 -0.0689969939223374 0.0225835382487707 0.0142587858295623 0.00233447309104666 0.0265622949580373 -0.000130369395770151
10.7906662542373 0.153602582127405 0.0324601110396692 0.0749076018999403 -0.0331842422515331 0.0974814070833158 -0.00248288654346847 0.0554474161051783 0.000454113064541468
16.1661148685962 0.114989465758754 0.0427177437555179 -0.000482485913562413 -0.0298032342311638 0.109603452753228 0.00886240200740222 0.0486123321104767 -0.0343857339821845
21.5534460879862 0.0722083095815833 -0.0548119412704431 0.0213965366549928 -0.0148908430845689 0.0156499507880393 0.00786372142901119 -0.00424830291169402 0.00196916952692239
26.9471536306664 0.00394302548011183 -0.0619838043201775 0.0483841302760084 -0.0291045450669253 0.00872009978417866 -0.026933591832936 -0.00574683653141821 -0.00786768749653598
32.3253594720736 -0.00261807376091383 -0.0230753357121067 0.0513742077121606 -0.0070028315295156 0.0514207182896566 -0.023450990713691 0.00474434587502199 -0.00794735752003172
37.7036809837446 0.0104994494822677 0.00491343450774262 0.0291171188421686 -0.0143755960003171 0.0148889899961172 -0.0004418343747616 0.0272171778131249 -0.000820714486956524
43.0802605263889 -0.0582337230089251 -0.0289636792093255 0.0176918203899731 0.0261950624729115 -0.00573891415472514 -0.0184062284738857 -0.0072294085241285 0.00635205247288374
48.4567218841985 -0.0460439181224501 -0.0131578336668519 0.0453591848679935 -0.0161744392126161 -0.0905032340260082 -0.00459664765960351 -0.0314802544664619 0.0190801316363072
53.8330461978912 -0.0648244917038028 0.0202411234670741 -0.0496087585617715 0.0762202686310081 -0.0502858727463068 -0.0333693525201894 0.00304036746254295 0.00371157313276816
59.2137565519661 0.0543671716359313 0.00504106883268273 0.0339466798075591 -0.0196409591256918 0.0404860343961186 0.0221118493523634 -0.0318290095212635 0.0142242758776157
64.6175795849413 -0.0477811786922757 0.0256718559583795 -0.0114338492086972 0.0150428841000439 -0.0658764180683907 0.015364441653027 -0.0401290647539301 0.00802113018558904
70.0179369105026 -0.147791633968154 0.00200008272160867 -0.0870152828326354 0.0241012466221127 -0.00966003232081545 0.0257962711852358 -0.0259927892704784 -0.0056286252890707
75.4042377844453 -0.0397265155756941 0.00368300622453499 -0.0764088359703237 0.00102721074137317 -0.100029965738421 0.0253283416782964 -0.0505981652952162 0.00118495974758238
80.8108167871833 -0.0260669172698726 -0.000284188836345626 0.0556322078175981 -0.00573673600382226 -0.0531368363471561 -0.0060731699688787 -0.0322758133890804 0.0183369236255324
86.193642524071 -0.0222103390487973 0.0494949103340481 -0.0756344025068756 -0.0250648113313298 -0.0674146489727069 -0.0195896368401307 -0.0161479356240509 0.00748155248334759
91.5878592673689 -0.124619586978952 0.000772029127617865 -0.159482815586853 0.00135689466799586 -0.0816991373189272 -0.0017144842734282 -0.0707795736541104 0.00656723711883634
96.9619330400601 -0.0515452623012607 0.0748774042491938 -0.013316312902316 0.0170601024244695 -0.117376242507297 0.00866153318113309 -0.0215118354246644 0.00948319729660985
102.340654997155 -0.00298151742845221 -0.00812982592499556 -0.0356186051896657 0.00840597685951021 -0.0776710841627651 0.0222800444359664 -0.0539049920787167 -0.00641968973793249
107.7189614214 -0.173484564413229 0.0363363170846049 -0.0758784567048679 0.0155351104870396 -0.11033128748334 0.0132694092839146 -0.072969808414857 0.0102672767924965
113.094935581088 -0.0445851167933142 0.0326848927593211 -0.0147604850164498 -0.0387202855618193 -0.033799218421726 0.0229283606682813 -0.0015268185754596 -0.00356621361964281
118.47924554348 -0.201417490183758 -0.0138239916122267 -0.0434376445643466 -0.0278529699526155 -0.046851613833886 0.0258401232404069 -0.0308692927839931 0.0158346814501933
123.852455561049 -0.2823179388688 0.00469755686059225 0.0274783077605207 -0.0185779695475185 -0.0529928262034706 0.00181233393862361 -0.0281472960134326 -0.00335153058937786
129.237661967985 -0.0531394270205965 -0.000105496469571923 0.0118761676319991 -0.0109670440535831 -0.0745234735663221 0.0106644769038482 -0.0243386304066209 0.00493721886495924
134.882109324448 -0.120584433242129 0.0207103566151694 -0.145609264545965 0.00267468338273939 -0.103885358075266 0.0191329100496703 -0.0231736932216538 -0.0032584882479163
140.280435505323 -0.109395982041406 0.0843879518587449 -0.0155514714353558 -0.0107961099831153 -0.0654013701136397 0.0101909832602374 -0.0525765419685942 -0.00162130035712304
145.6773981601 0.0165513214078601 -0.0132291955466564 -0.0687916104727265 -0.0116673659793174 -0.0682891044588619 0.0488195480688134 -0.0202158334206817 -0.00817832135610596
151.064105765894 -0.112086397250096 0.000260622675185781 -0.0487493691077361 0.00290776752379766 -0.143250172833567 0.0169512772699889 -0.0347931195317162 -0.00888348142779515
156.460057563148 0.023222787341183 -0.0235378316336743 -0.0482903030744637 -0.0406762968811416 -0.0562143689111768 0.020404600044806 -0.0622663192304774 -0.0177626798795323
161.850633207709 -0.117605749482209 0.0177890992045924 0.0296041677664107 -0.0500296132925337 -0.0351626682849461 0.0305691816493053 -0.036877135503548 -0.0135368018380653
167.246958418749 -0.118732901875774 -0.00664091320562865 -0.0563977596395489 -0.018830502039574 -0.0411364309842871 0.0312254086679858 -0.0702183288683247 0.00326912492024368
172.662413228303 0.0733378262921178 0.0233908290244791 -0.0572918121744806 0.0136841392236738 -0.0265121940346294 -0.0101749637729042 -0.0582028876426395 -3.07290577760549E-6
178.052174151875 -0.133289165138649 -0.00247819395981641 -0.0583885428538451 0.0141132403866242 -0.0810003463001781 0.00463705674707886 -0.033632612130734 -0.0137613804638554
183.433576012962 -0.0904385385060777 0.00596775972393071 -0.090360754453468 -0.011508711734191 -0.0577478857266474 0.0206504422922436 -0.0546330040380983 -0.00750685718056653
188.811693215743 -0.0313470139744822 0.0403899864886774 0.0238513673610214 0.00321625244021444 -0.105020943638855 0.0190743790674688 -0.0157643267532169 -0.0171874921596575
194.203787661158 -0.0552800011778345 -0.0233429429654699 -0.0146402773490991 0.0180094756259768 -0.0631646898531731 0.0250651433557821 0.00769362343524134 -0.00687446093503107
199.633439738303 0.000567604512525577 0.0616494691368394 0.0136319587893922 0.0164499653696771 -0.0854957296737017 0.00598053683912529 -0.062640950979787 0.00583672702706584
205.021267585456 -0.0641288067790811 0.00184725093619486 -0.184265804015649 -0.0347461661629859 -0.0868488211007648 -0.0244439761435657 -0.0472202914308784 -0.00680914559536271
210.409469475038 -0.241265326082157 -0.001021535388545 -0.0589453664653775 -0.0237796134318524 -0.084293374135476 0.0204462942833246 -0.0422229221150903 -0.000109628645369446
215.790049071424 -0.0607608935133612 0.00147721629612429 -0.109434893452271 0.00188411017316862 -0.0540169755617431 0.0225588886460671 -0.0515323969077346 -0.00335418632268935
221.173501565121 -0.10620430046265 0.018790326030669 0.0271311032541234 -0.0289025584532647 -0.043946612236076 0.00792759233652167 -0.0789763183081252 -0.0115633408575853
226.557715345174 -0.0431395700470603 0.0487772569010338 -0.0721429330339561 -0.0391513060109469 -0.064618111863118 -0.0232407128343581 -0.0310177340126959 0.00124215469758516
232.198656761087 -0.0911585228786862 0.0390385416697689 0.092211164064156 0.0292733197275117 -0.0278887271173777 0.00786845983152066 -0.0904009533275914 0.00785202331243019
237.584747039713 -0.00210217941730662 0.0284808408747927 -0.101789154582275 0.00878974855411112 -0.0110358661130964 0.0136208422337987 -0.048125003014977 -0.0116739136993054
242.967326348647 -0.167475942486817 0.0662174159346456 -0.0146380399398367 -0.0466613666376611 -0.0105120892325691 -0.00537230686040142 -0.0348523317790952 -0.0115562022173001
248.354773238301 -0.131669030799912 -0.0337262059700401 -0.0681205627553936 0.0109832453578951 -0.0987770643973168 0.020885172701405 -0.0502628850292442 -0.00851626587904585
253.738602917641 -0.11533242646783 0.0482542487900879 -0.0409637187651242 -0.0202136056265625 -0.133268887584953 0.0297673360311066 -0.0758551285350424 -0.00473191812202666
259.133055401966 -0.119845944111148 0.0439120972641411 -0.0406447407833184 0.00585608854038692 -0.0971725446128663 0.0143233384244113 -0.0258545454027828 -0.00284928286118524
264.5145094404 -0.0272773354890887 0.0279921911303951 -0.0875290324021989 -0.0246187727131792 -0.0643524656692794 -0.0104254219382298 -0.0374886824704138 0.00911120422865187
269.915963118896 0.109025737306183 -0.0220136240865394 -0.038871558480605 -0.0240423324130143 -0.0405624946669637 0.0273552763999519 -0.063685887457925 -0.00281507880956932
275.310752555728 -0.196407752076084 0.00314013716520445 -0.0873838623098891 0.0328274068562882 -0.0265528188573886 0.0358098140154724 -0.0141340238203358 0.0122726894040917
280.698875236325 0.0134159755316432 -0.000802059494943611 -0.039590986543044 -0.0177766569096571 -0.0539561809527446 0.0348036079528314 -0.05732656028724 -0.0071370621328064
286.079826360568 -0.0586037902430689 -0.00775604372593297 -0.18332898067747 0.0211765284795751 -0.106198639883977 -0.0095730681273309 -0.0894783976029632 0.00694057901851087
291.462158612907 -0.073962720696727 0.0322279989071752 -0.161261581354393 0.0290165076151288 -0.14586895718451 0.0118840042493176 -0.0597737010004696 0.00740533384948284
296.853609328158 -0.162353092769081 0.0412232556509913 -0.101119147711142 0.00978458336709646 -0.0829005668560317 0.0299459290632527 -0.0609321727372137 0.00040887457622963
302.260935158469 0.0736755046104918 0.0191862576763959 -0.0138920349110776 -0.027219769271735 -0.078059358398085 0.0185983097422806 -0.0909104753552331 0.0105965809584412
307.65814675577 -0.246091566323685 0.0128190539642083 -0.0980093044274327 0.0173492305450258 -0.0412624266886529 -0.0112751070445895 -0.10963587138551 -0.0109719836298374
313.043467575684 -0.0808423049393241 0.00194209955039137 -0.0842043531171839 -0.0310273977662769 -0.065735208278446 0.00281490225436447 -0.10178331209747 0.00382820516120508
318.423061460257 -0.0415487500176823 0.0170480688022827 -0.134547377102717 0.0048114464500804 -0.111260582435924 0.0281736600385117 -0.0709605217659575 0.00603199618865991
323.801002643071 -0.160719638034152 0.0121012633546946 -0.0130262685053822 -0.0111849989556527 -0.0653301244691907 0.00678024140052717 -0.103933163055192 0.0200073184263439
329.17921351362 -0.138146274377505 0.030664791098659 -0.0381804292134802 -0.00962126529296033 -0.0725924650827697 0.0211656388171022 -0.103505116437848 -0.000379943521232155
334.558045483194 -0.152061928649346 0.0125101182268998 -0.20435449155475 -0.0484397333416064 -0.0823026364759504 0.00973202308639291 -0.105796942348408 0.00716818319576552
339.948141473345 -0.124764711871194 0.0414658688188332 -0.147242868416652 -0.021296325394186 -0.113329651242046 0.0315987461633043 -0.0898267900631456 0.00628003461498073
345.333198891953 -0.223379061211745 0.0477779178994673 -0.134727953099355 0.0187217534848434 -0.090655097081643 0.00500999936904382 -0.10889833096164 0.0168028932325008
350.709906677715 -0.0866184116298427 -0.000640040309220827 -0.028268692367601 -0.00433500894331136 -0.184679059187537 0.0270195842718195 -0.096074010002869 0.0163642019211416
356.101481235586 0.000260885219176998 0.0417644890270175 -0.185256240986928 -0.00316957302146311 -0.124075230885345 0.0431715813638008 -0.0804971473764656 0.0411229758212592
361.480954420753 -0.0763445148513711 -0.00168575563837626 -0.204136328869208 0.028049177844739 -0.131623703596168 0.0183499189616257 -0.0844564686896976 0.0222605191603329
366.869395194575 -0.0809006361560023 -0.0239853584144634 -0.124700401448263 -0.0208002604601314 -0.0936646303252279 0.0414019134025879 -0.101500504614907 0.0166779587640555
372.26236911118 -0.15978885997265 0.0474283456738511 -0.146937601738227 0.00905156533176292 -0.0978654826680473 0.0312586326358329 -0.0688754204927338 0.0145822901135013
377.66116928868 -0.190667364710862 0.0617816322129421 -0.15751226591392 -0.017972835002521 -0.10364850411809 0.0293595649398882 -0.0750439490559277 0.0225762672489573
383.041758943349 -0.17571516393582 0.0432954446955172 -0.0359389265110622 -0.0363472569182727 -0.105999567821008 0.0199541319887189 -0.0938978237261128 0.010979999318699
388.440728854388 -0.156613253021533 0.0699752893486199 -0.103405078970536 0.041853982077331 -0.0752726092227281 0.0456041880304028 -0.119033214186604 0.016553300245284
393.828415885568 -0.216974552064585 0.0170395683506832 -0.104496031724648 0.0260825138567816 -0.0735356149220284 0.0104766398035921 -0.122514455750863 0.0247838373165827
399.224743611179 -0.20278999888842 0.0654252581022241 -0.0898250256706888 0.0882475068648921 -0.168822770814066 0.0383663192128481 -0.150284076798218 0.0239084923308675
404.942344237119 -0.154551519045526 0.0872336978173258 -0.0858676959803233 0.00658096330477402 -0.130764485611897 0.0411659509487592 -0.126910099620747 0.0326838351469612
410.322393887676 -0.21194589072411 0.0389715825354109 -0.127889213436174 -0.0058964732498021 -0.146233230971055 0.0436854732256862 -0.0846631701471981 0.0144534985393599
415.706224195659 -0.311050816714214 0.0377501227156791 -0.0371110511056941 0.0394520840712891 -0.128492525787741 0.0479713475898152 -0.127129106125924 0.020100870597296
421.104053748772 -0.129739314903418 0.0566934101735093 -0.151021007173495 0.000812940670900804 -0.172741677221828 0.059816335810929 -0.135302646360489 0.0306315928067342
426.489130655304 -0.131948625012683 0.0536388374906813 -0.15127441483055 -0.000539947076443963 -0.218097474035793 0.0216410312884179 -0.128111290502804 0.0283449304997057
432.529582703486 -0.163031786644751 0.049450033467324 -0.177596153788909 0.0716927855158962 -0.194091530924587 0.0424210774759857 -0.127405328123334 0.029087395102841
437.924538102001 -0.151679272417823 0.00509697344925608 -0.127943493895782 0.000895748731583086 -0.218810868192512 0.0411341241120696 -0.133185372652608 0.0309928641157946
443.318369487301 -0.218154208699161 0.0266175641546205 -0.223085774206265 0.043627932043197 -0.225837363870531 0.0482426031885766 -0.132266634108621 0.036940805624716
448.718574052677 -0.148394317020575 -0.017479457294413 -0.245662494473618 -0.0354700744633727 -0.248317175819856 0.0386078765206222 -0.136143658791955 0.0295346574449191
454.122531615198 -0.0829512929813063 0.0235471253034951 -0.21569929691459 0.0386616804543996 -0.19955133448041 0.053229892053885 -0.17210934814668 0.03461358985303
459.513109774329 -0.17698504151349 0.0516335463629367 -0.173405626141357 0.0481324543664277 -0.23157849283455 0.0416346047051733 -0.157562178938153 0.0247273905877201
464.900948937051 -0.206765907470981 0.0694834582168233 -0.101901608430308 0.0469531167957802 -0.132618990469772 0.0281434878906524 -0.167704639403584 0.0379439220079043
470.303384555504 -0.204395061323339 0.0485007572219025 -0.294795048707056 0.0233139842929438 -0.233444472650652 0.0583350440226625 -0.154988789791989 0.0144359482949092
475.692714230157 -0.253141412475998 0.101599900102529 -0.152082559936571 0.0358666385968752 -0.242285448667579 0.00846028557428018 -0.163651014435547 0.0499549065277372
481.070669871755 -0.175099036931442 0.0604290665007603 -0.119637003265962 0.0105500217075052 -0.249331706478577 0.0314598481201856 -0.171937542724865 0.0480073643838417
486.469376381487 -0.0949389636161868 0.0473080169208948 -0.230507901780766 0.00757629084978699 -0.226493583335858 0.0106824702710569 -0.170341625049989 0.0413754793307171
491.882083393633 -0.42072008049945 0.0768737242290036 -0.0623217714061866 -0.0257826092895892 -0.242758175233965 0.0439429493611599 -0.23083571765321 0.0398921179675462
497.279655831866 -0.204268708168911 0.0454828422052891 -0.283363529019607 0.0381903037053098 -0.299132533513265 0.0456618539795173 -0.221414352524537 0.0484569369097934
502.66711655166 -0.303246820310051 0.0439999871503722 -0.167929322742748 0.0531235730594267 -0.197012536369519 0.0547737726541229 -0.16402251031852 0.0316859596722232
508.050071160309 -0.354047087296294 0.063156127533788 -0.354887046389831 0.0418772983970291 -0.274792193444162 0.0423890407288284 -0.206342119377698 0.0454822189670729
513.440043936484 -0.322301230047742 0.103804459181774 -0.225378055595411 0.0610382906628251 -0.301665994879776 0.0817128027005012 -0.235405416192609 0.0446714984142098
518.856224199757 -0.243335532610217 0.106307325925699 -0.239606902473224 0.0544447688346599 -0.300711079509646 0.0852250133411232 -0.244196353755089 0.0744209977899495
524.242805448361 -0.333263731836723 0.0845322485670443 -0.282775352620047 0.0639755533765685 -0.275736364012508 0.0280556884322252 -0.24052788406809 0.0451657678686879
529.63263237942 -0.361434478898445 0.0824478568162454 -0.207609227024659 0.0865961425366526 -0.295370017985468 0.0572863056817355 -0.285120217404458 0.0527256698251997
535.037459354848 -0.384412050832907 0.117696864317609 -0.209657184504704 0.069261293364608 -0.318536321109085 0.0670457483535714 -0.228903892207402 0.0458906907729422
540.426543858834 -0.297370908125686 0.108852702808023 -0.318565027885779 0.0373595926649306 -0.32733129830597 0.0964315677840589 -0.233737108676198 0.0665650653619487
545.822370556183 -0.424207711556846 0.081077342133441 -0.228925310545219 0.0573347782638257 -0.272839194039469 0.0605507687752791 -0.287728760873253 0.0534833570714775
551.232407722622 -0.45164056056683 0.0901048986232673 -0.387794071905955 0.0687013199030025 -0.275789303580885 0.0806300053886205 -0.289531613457459 0.0688032375039207
556.637193207629 -0.394507594371134 0.140956568373853 -0.386236206912326 0.0737586848480623 -0.290352779981666 0.0881677805209691 -0.287839568391721 0.0638951179095024
562.057150985114 -0.425883165835785 0.162504222856442 -0.331436986201152 0.0272979352079721 -0.411670083587913 0.0845994589359905 -0.347576912146653 0.0722973164354592
567.475820044987 -0.572740038200664 0.161602950266954 -0.35006176354791 0.0806061675053547 -0.39170808359261 0.0818422959179018 -0.299819750986191 0.0735702931335631
572.907268783078 -0.482212958821947 0.199886841436083 -0.417992043219965 0.0415577656808955 -0.353768772454649 0.0784014451817896 -0.347173545991356 0.0713040156727296
578.325145753101 -0.540251885815906 0.122402544333128 -0.267425794624341 0.0819478704205244 -0.343703930009204 0.0926037715757318 -0.296843787102464 0.0705736204049921
583.738675029948 -0.555737116028467 0.15725154018135 -0.32255287217431 0.107062715687451 -0.373297527574258 0.0954810726812454 -0.348140779536809 0.0901823314113621
589.145040294155 -0.585922366593877 0.175438437035056 -0.364929539435434 0.0784475950309831 -0.392718511110096 0.0942225452074084 -0.341076696152615 0.0723043039292499
594.547831095755 -0.567662695387298 0.204924002344698 -0.418046623193459 0.134762347938849 -0.47855399988969 0.112010680550007 -0.316104360820848 0.0777158710641779
599.931436978281 -0.579337519868659 0.113368482280763 -0.358627246790274 0.075774705286708 -0.353195442827135 0.107362169866413 -0.360332659617345 0.0835973408258817
605.317992452532 -0.371881542071151 0.116417232751431 -0.282425035261167 0.0910889589306157 -0.457977468555717 0.0985473001125215 -0.361619225046727 0.0847751781580606
610.694193552248 -0.554765002145814 0.136423922683762 -0.418439054214286 0.101376876618676 -0.418529345662981 0.114647599323554 -0.348359729748811 0.0763472780815768
616.071283552796 -0.537758376413876 0.192082983285233 -0.43689265745179 0.150463524199811 -0.427421400731354 0.11165308917284 -0.390188850530396 0.0518480750606252
621.446751655079 -0.674826936760837 0.135616834757983 -0.482323094927506 0.0982113843114723 -0.41813170711196 0.123460530783781 -0.37568132337785 0.0801265786245076
626.833180143498 -0.535271363918582 0.151271314350581 -0.401385399423998 0.15895105675995 -0.449594011406069 0.11487529257554 -0.350514565144951 0.0749471142724823
632.216767166741 -0.657986207519571 0.181684244915701 -0.418221782618002 0.102067656433096 -0.435261966004353 0.0843671779538582 -0.376654253305989 0.0997198039420859
637.603341500275 -0.465139261101285 0.22304466538445 -0.38658197122113 0.115911613372137 -0.506836982851772 0.0974749851808312 -0.399830199018399 0.0938554857964313
642.974295947701 -0.664838103542024 0.155433401147676 -0.434802207075518 0.143775881620943 -0.509530170829683 0.102964572427716 -0.391174958052236 0.0909613542162682
648.361628424376 -0.65768507305711 0.211776629249457 -0.426187326484251 0.156262645602911 -0.441267115871077 0.110777677524915 -0.409933819607179 0.0864331439939072
653.800951541401 -0.552613495503465 0.212727246087568 -0.519882071488337 0.123410634402322 -0.528309896730142 0.139121079537539 -0.368763537110883 0.108271557595095
659.218532420695 -0.65358168193643 0.207236879984621 -0.439697053008513 0.105707704734787 -0.457369964179569 0.138184552053467 -0.403430930510442 0.110315599114492
664.615895520896 -0.654106996918017 0.18939421543577 -0.547834698580755 0.163788432817515 -0.393444707492953 0.142319791717476 -0.41601981726146 0.110404681217225
670.011560657062 -0.578824600169355 0.214698367309197 -0.380122700803622 0.116423307833887 -0.457919260362749 0.12006470270827 -0.414153496492165 0.0935335694930963
675.403275402263 -0.637631508796858 0.212370181927682 -0.535047223888978 0.112700180300582 -0.487469381661802 0.17185877336609 -0.454400200878556 0.104829630238206
680.792170684785 -0.737457071706103 0.172488122624444 -0.514926927261695 0.0893018973579876 -0.547382023859817 0.140631767025788 -0.435113440853204 0.101780920610671
686.542553143576 -0.663940451383041 0.168922752467225 -0.683924474292053 0.0945316200776494 -0.507576781866127 0.113339045457984 -0.42274590836789 0.105221822703022
691.939652213827 -0.693666317775296 0.210077442512344 -0.376889849924009 0.141678866014818 -0.469506159566598 0.109096728772748 -0.433793438045743 0.112537145118387
697.35646614898 -0.675702958642887 0.197844180760897 -0.696425487571287 0.146638389446171 -0.524353475584966 0.123387360711654 -0.426005217832173 0.103076944583882
702.75329175964 -0.680070710022846 0.204492029623382 -0.529558392339095 0.150913949127076 -0.413319923125463 0.125038232330887 -0.435478568145047 0.105151469859002
708.152865167707 -0.71160264558057 0.183384613800641 -0.440300151430802 0.134550965253457 -0.412177591593653 0.15564377544532 -0.453781150349389 0.107722342253033
713.547694837674 -0.65188711195151 0.172854068842739 -0.510771306329116 0.145722475301202 -0.469938655126888 0.140294246351878 -0.458488935465741 0.107820091887425
718.946422721259 -0.78668619129985 0.215963034182054 -0.480221254103708 0.117964922845036 -0.55647499979971 0.131254548588849 -0.450888935130681 0.105731332916128
724.356225403957 -0.582532219553286 0.288351373382185 -0.565322890602783 0.135342379469339 -0.517826863839608 0.157165057623452 -0.443580817912991 0.115413391701728
729.762063236907 -0.708457482322501 0.206425740535949 -0.526438905023679 0.125268146221376 -0.531106911741452 0.125593422222288 -0.448767344224709 0.10993515074498
735.166883925907 -0.72399834602038 0.210625315457762 -0.568525522672371 0.105401322666555 -0.495480683375198 0.151267886456502 -0.441883566546696 0.0998809336165671
740.55109079089 -0.677499354471365 0.193300393225017 -0.56409961553727 0.159073801047587 -0.567056066365629 0.145486203224145 -0.468863428535062 0.110425983548957
745.949192546308 -0.696219943428332 0.209848562801071 -0.466133196376813 0.170587239660111 -0.632985318487434 0.13894219942852 -0.476622580722253 0.109202237708536
751.364134383388 -0.694490367511207 0.203377436102884 -0.594678062670664 0.114502700393931 -0.625083037927132 0.143736694523334 -0.479661954014066 0.115274226875449
756.75957823731 -0.606976792180831 0.248486299859721 -0.547011925005063 0.149994931877789 -0.572431412268478 0.150913566307089 -0.475263189178552 0.11099879684864
762.174906689674 -0.755372645297939 0.205115709282396 -0.687943067126707 0.161041504419589 -0.576479054065138 0.164909622139113 -0.466538998055714 0.113009302967718
767.579238294624 -0.755112893843943 0.244893275654832 -0.543626475058954 0.0919833865528153 -0.597537705018502 0.16374202104803 -0.451495896679009 0.132290181236861
772.971317652613 -0.75060236450463 0.226488506817206 -0.638443913035826 0.131410807236197 -0.580371085164123 0.181542147407519 -0.485533212690118 0.11847888285002
778.378402084112 -0.820385072344834 0.223388364889147 -0.666156946592491 0.187430279494325 -0.624637139836912 0.158124183368976 -0.529647664131719 0.110624581934992
783.769127345644 -0.908519487171816 0.216916284306607 -0.734531679474639 0.150717559673328 -0.673245377980428 0.117741171621923 -0.540023109219166 0.125038164179734
789.162808485329 -0.807109718486117 0.223248661566161 -0.7288010929753 0.165190060682622 -0.582462425884777 0.174042017660078 -0.51250285993203 0.118555878848361
794.546386707574 -0.763015023707794 0.198675505840314 -0.612378946416538 0.166293789135697 -0.669524817736536 0.156574800899186 -0.514061930346745 0.11714655049446
799.946607617661 -0.91867957943623 0.252705456843515 -0.685343964867752 0.171998899133005 -0.580724000008494 0.16560066631201 -0.517249931131775 0.116825458250069
805.360285254195 -0.817317141805688 0.238505137789148 -0.603300168835358 0.196056228110823 -0.636934464673167 0.161498634539051 -0.511226959594498 0.123466375455016
810.745875761844 -0.810397940962957 0.24138177625541 -0.689065962754921 0.125182338439376 -0.669500221241313 0.160533196712954 -0.52002915415662 0.101556603556765
816.128780707717 -0.865948513114745 0.235540870934344 -0.720864919298219 0.174111849263173 -0.609454254096298 0.156361493243161 -0.531416763930085 0.124367465430616
821.503721378744 -0.809768171324777 0.199753545290506 -0.55757655250336 0.173904116260562 -0.680835420673637 0.154316530130735 -0.536068447002183 0.113064862603103
826.898231069557 -0.758558137306864 0.215476889980082 -0.678829364948524 0.162940968277613 -0.66649195459643 0.154372147634767 -0.564063107042077 0.102036366619166
832.294442496262 -0.870456331063906 0.237519425267593 -0.525176061414822 0.187392982408514 -0.680005836841636 0.167495830991733 -0.548984620374287 0.129782002567033
837.680777316913 -0.778514873822132 0.247976234825345 -0.552200885587081 0.163998396989743 -0.619235151722413 0.168569302715589 -0.566301773059624 0.135476775304304
843.076602128334 -0.870845274964267 0.243747102612887 -0.763809698544901 0.165892226946514 -0.686573833368974 0.163571244763425 -0.55885443677673 0.134110210109078
848.469674113207 -0.829810906787316 0.212194029017369 -0.605947211109833 0.144038592537956 -0.591426346060806 0.16600626240345 -0.571277716989445 0.121978646441611
853.889503018931 -0.904389951963822 0.204211431820867 -0.543838745080575 0.148571328212004 -0.627531852182918 0.146290579429028 -0.577528434562939 0.116934536503045
859.285957730375 -0.872488943824465 0.250249298839251 -0.676800527148498 0.143208580717303 -0.68438735086277 0.177251687060455 -0.566377595134984 0.128123273380218
864.676798033528 -0.759052876968781 0.235887802822632 -0.624074118309363 0.174341829682678 -0.729780621968465 0.179421249967255 -0.613280874227459 0.13168375598429
870.097865365446 -0.772940288572954 0.185494918198103 -0.764059828691825 0.178222080699218 -0.658326141678052 0.184545506434155 -0.550965468156594 0.120438719884496
875.552332486026 -0.792857594752604 0.26703835221936 -0.533007358484792 0.138555743146188 -0.687123017793445 0.15789987101369 -0.585889652439366 0.133551215471363
881.007596096955 -0.849265307152564 0.254634605414723 -0.646146378390949 0.180298103550459 -0.688123735075741 0.157349130570744 -0.615924269028912 0.161558128146459
886.445003110915 -0.877415239154743 0.210268730474795 -0.598128419094519 0.16915139148762 -0.733386003687364 0.170960751841712 -0.553942002424012 0.133106152707348
891.946455618367 -0.859557929103175 0.211664766472965 -0.726309522711472 0.159445818435618 -0.702127567501455 0.173460275189434 -0.587769819698426 0.141877038034955
897.441042718478 -1.01005501607005 0.225346296630008 -0.624317200207042 0.219049320571205 -0.695323529129772 0.185109211922629 -0.569692481790955 0.136964166454369
902.946851720102 -0.90781638829867 0.302511110115618 -0.680833031707334 0.167860288143632 -0.680156882462078 0.199838480643599 -0.625217283005643 0.141262886578509
908.416584800929 -0.913249810501384 0.287419113844593 -0.685061116241468 0.151203961469694 -0.70106835464633 0.171276831921709 -0.614900380440961 0.159477641971513
913.860820132308 -0.857469566752115 0.307493431446958 -0.608649179809345 0.128146322940129 -0.752005601709633 0.152375639101273 -0.615736918384957 0.12990559340394
919.319768846966 -0.934988525350491 0.265572195139854 -0.643688884847688 0.135701165766736 -0.758943954890518 0.16436072726885 -0.587921082213799 0.148354110368707
924.793168800883 -0.950765948086428 0.281728120774049 -0.757650440656289 0.205591261852735 -0.769673765912038 0.172803910847755 -0.639067217775593 0.141447590935378
930.268161106855 -0.983124328741724 0.317862125452834 -0.691813339763212 0.147795891221197 -0.6835528656133 0.18048683179665 -0.629530165826256 0.156774161229826
935.722876541317 -0.946148969197566 0.234849205752327 -0.714783259206069 0.17371485498376 -0.826979673476607 0.172896310281168 -0.660405727792042 0.13817980540805
941.181666209362 -1.00021490823656 0.281583695880571 -0.70281362282567 0.211808477865023 -0.732583914626438 0.190714566556061 -0.618389194278481 0.13358904047137
946.641503824852 -0.95205351768891 0.279985326955043 -0.750021241330342 0.178145841332171 -0.681536380875904 0.14002152604683 -0.598949950670178 0.163179309216495
952.200584640726 -0.926864904005924 0.291112573014445 -0.786751664900021 0.176158244667906 -0.74645854334033 0.193687824799262 -0.636289921139653 0.140479689515707
957.64775321912 -0.882049894546071 0.237067249904485 -0.862313168965738 0.122463996968097 -0.82391704207378 0.158184707646875 -0.647500838738526 0.146925570089685
963.069088352844 -1.06693402612154 0.278659600018629 -0.738054563575315 0.196768249076573 -0.705723843546301 0.202010932642317 -0.672928891316335 0.129146504265513
968.516911348328 -0.967500193009073 0.217859016065646 -0.74062109487586 0.21213236850139 -0.752569657493431 0.182124584364324 -0.657399891219231 0.119104368657012
973.961005235091 -1.04227753600935 0.305175702520317 -0.64357994618349 0.188953317034592 -0.759708056634216 0.180933380047868 -0.65265186386134 0.132695646802609
979.368063892238 -1.05651260412196 0.280853261540884 -0.821294312649297 0.170167538122971 -0.806110538684087 0.181043978998154 -0.707302875884781 0.124864389310552
984.755390711129 -0.985795748695182 0.273349696983005 -0.839842485361441 0.214292590190556 -0.805619003659038 0.16087101055799 -0.686427392133484 0.149161920500624
990.152353994548 -0.999109766100446 0.251221327926644 -0.730611519985541 0.173788625276192 -0.783749205867415 0.181634748615103 -0.713766834870259 0.146284166426958
995.548236012459 -0.998528817633087 0.260037526165335 -0.743690399550542 0.191050957265421 -0.812939386424595 0.166360076158931 -0.662597068550187 0.126358663790092
1000.94177633617 -0.928108448748389 0.251578096199112 -0.83047071220808 0.146056395569591 -0.738455356373769 0.18709064757433 -0.679700450832772 0.139987100699975
1006.34296787065 -0.964483952735464 0.284180290232016 -0.78741759853865 0.200061341105769 -0.835395004210048 0.203379002763775 -0.72244376447654 0.127342682024739
1011.76016904972 -1.0298279008166 0.314200803550094 -0.738853356712025 0.203598436151626 -0.843341317702133 0.202408076815694 -0.684222757056634 0.149599922805044
1017.15724800341 -1.02377845778028 0.302539588345738 -0.851621354096278 0.168610019553657 -0.851776049747449 0.189405928079445 -0.721711570258069 0.143714064819469
1022.56132563669 -0.957930469849998 0.291670255260286 -0.764326788954986 0.205549982461381 -0.804806038879113 0.195389992985533 -0.682126668660405 0.153859572999728
1028.23443155829 -1.05693604296903 0.231222214603648 -0.741237633400215 0.213596900616839 -0.764254315765291 0.194745600267247 -0.757391854360978 0.143266496145777
1033.6483531082 -1.13063026526515 0.280060337852789 -0.744963149451178 0.171299660010252 -0.877270534776406 0.200378666630037 -0.712108919258046 0.163631273430773
1039.04368820693 -0.993497359841513 0.309321946344639 -0.867991363727197 0.195975036288818 -0.813557574933319 0.179816319277641 -0.694230206378708 0.134936627559277
1044.44665817171 -1.05322903763681 0.293387501443235 -0.788344298773336 0.206806013013992 -0.801993469184189 0.203677917129348 -0.723388726580399 0.156437693120132
1049.84271558095 -0.975812114118981 0.303659854633154 -0.887966486536425 0.249010700557708 -0.82923284506517 0.205108507632978 -0.772514911229539 0.156161812406004
1055.25142442528 -1.0980366567419 0.261592970166547 -0.803346785627764 0.196610909762629 -0.881417934525806 0.190284701882327 -0.752118142182755 0.149040763024025
1060.64476106875 -1.16263530958622 0.254636942261855 -0.841842575096234 0.161872418988739 -0.847656292716627 0.197522478822314 -0.718021107284787 0.165540940922191
1066.0204567397 -1.0572093786941 0.265917935579652 -0.966145678334396 0.170979472570511 -0.816417010908871 0.196433728465614 -0.733973798720601 0.161215737456508
1071.40403056145 -1.01559554223149 0.281431466912452 -0.866663528703793 0.206377876342603 -0.822957264667301 0.181932133087976 -0.754881276920716 0.154996541531779
1076.78398340102 -1.03721682910054 0.29850011048437 -0.968061284446048 0.187753203281691 -0.851634250297528 0.206235961318491 -0.738037734464089 0.144456802811724
1082.161070887 -1.01290613781839 0.225998930428134 -0.802507411413626 0.203644734423481 -0.931594334684568 0.196285404050137 -0.767218166823315 0.145281155290682
1087.54553109501 -1.10756362846951 0.235589753977607 -0.953638769411282 0.176813792179477 -0.848988753486473 0.194159889386164 -0.733886904254834 0.159886499028196
1092.93724521156 -1.02281092414205 0.240904922722948 -0.931919327848118 0.185360026636747 -0.835736090725212 0.189624873235111 -0.791882322134572 0.142730581373093
1098.31030561216 -1.15971670730869 0.292141782548371 -0.941975582116083 0.2040937678691 -0.842074916973096 0.1982086296346 -0.766438221833798 0.166526154970135
1103.69538126141 -0.992256609687502 0.288441334274936 -0.975178988003063 0.217214778225415 -0.882361704891472 0.213335544084451 -0.74589205126151 0.147828367528255
1109.07674288936 -1.10391778371195 0.284214578339786 -0.949491765075163 0.219794616494713 -0.915414841189366 0.215912145293039 -0.766938598687577 0.168767579697948
1114.48630165868 -1.1739913473175 0.307647211473338 -0.924246032260908 0.224801049010953 -0.819436885558324 0.196184693082323 -0.720813463199395 0.145166945771926
1120.31149637513 -1.17041365612477 0.254407445872986 -0.998700625919537 0.159114864144047 -0.84943266865769 0.208810633859592 -0.749722169573235 0.162712071446897
1125.74787807278 -1.09487392501478 0.27860726429627 -0.915105993770521 0.222971350396623 -0.828267787326175 0.216540411349136 -0.770656154455739 0.15685848446413
1131.14540084824 -1.19895898857658 0.254433724881196 -0.873138246410417 0.197627450462111 -0.919186726354318 0.210664553979932 -0.767764365575406 0.159098595236208
1136.55173027981 -1.18604137434522 0.307992516839094 -1.00786243500643 0.184686677715181 -0.847420192332655 0.196194476877118 -0.745502985254209 0.172026608365236
1141.94958183542 -0.994099834277677 0.260170748368368 -1.02526670666857 0.186821286922029 -0.907186533865505 0.166729071355199 -0.800612533326077 0.155392379102884
1147.35401905235 -1.07057520867829 0.249064161737508 -0.861683643334072 0.20500731898716 -0.875855804696065 0.222033391865402 -0.801016355622071 0.166238276639496
1152.74146845657 -1.11951817009776 0.282489025252389 -0.846093418174132 0.167655040745107 -0.972467898400217 0.213089720548744 -0.767830212979081 0.163941229251626
1160.13886534236 -1.14771251439015 0.255694612090836 -0.97253971966411 0.207862876680512 -0.913498403912334 0.215620255268213 -0.793729787967297 0.167343783649663
1165.54400852509 -1.23372410482625 0.24425027516206 -0.956475419276285 0.230966399264961 -0.905188027379089 0.222025113852006 -0.788619916540231 0.156280873266005
1170.94284893572 -1.18862663392156 0.285973160404254 -1.00448170425825 0.206137262518727 -0.939114771925168 0.191461604889646 -0.802601003052789 0.160117877934631
1176.35239261761 -1.12345879583518 0.281952003027002 -0.900989839904651 0.223917149009143 -0.912253293749862 0.216764167775459 -0.822266543972748 0.159135061174929
1181.75576805696 -1.14071666880409 0.299476059263882 -1.04501804830961 0.231727844255776 -0.965076091175823 0.195377206120973 -0.819972184037144 0.152190729338734
1187.170929919 -1.19043397837822 0.248967704483093 -1.01537418785001 0.190513105659196 -1.00606108683899 0.205579917374656 -0.824629745617787 0.167573606935583
1192.58600314241 -1.21060870398014 0.264336692387005 -0.968589754872664 0.195073437205654 -0.945205557701164 0.228049343103969 -0.785689154500889 0.141827196986277
1197.96658651065 -1.25062738231281 0.256575328917606 -1.03151464136745 0.214858638673579 -0.962719790779309 0.207505744531936 -0.832698452043789 0.157017667370531
1203.34416119475 -1.27926869128078 0.283024686925089 -1.06859637769385 0.212442102952881 -0.99616696486867 0.192486687469149 -0.848430069852131 0.159812629955091
1208.72936382983 -1.24519978149692 0.281612009500223 -1.01600549491577 0.206303565687452 -0.982211129083615 0.228630893845939 -0.835263897215302 0.151625086361469
1214.1019458333 -1.18657004208808 0.287904794205119 -1.00777996303959 0.196234334137589 -0.928854786001401 0.202283930781583 -0.819534669387596 0.151029012256152
1219.47202395275 -1.28344872714524 0.238225563207707 -0.900451557063388 0.201338443139807 -1.022466117924 0.214611716805614 -0.856315692333939 0.155653147234964
1224.85997941438 -1.23569852420633 0.30449526782094 -0.969478276096834 0.174706058335037 -0.897072148252326 0.196768281586465 -0.871733134887311 0.146160040470313
1230.24018559698 -1.21985771813934 0.291247404374318 -0.888422988825096 0.217131652802951 -0.914162670005161 0.199889172080326 -0.837739442025597 0.165114501840242
1235.62176159211 -1.17258808572024 0.297135819064196 -1.02445555674349 0.235257338878657 -0.948225484504681 0.21457820429125 -0.818183263211015 0.159207629375167
1240.98173427954 -1.08971659152667 0.327338770473589 -1.09083813326852 0.195207946756628 -0.979528951999717 0.205713096019473 -0.848498846989716 0.176039937376948
1246.34829577152 -1.30337518698434 0.269531797127755 -1.094246057891 0.203778424541301 -0.987153851702195 0.199655751517206 -0.858306361637208 0.15967096847941
1251.72150075994 -1.17003451470464 0.288421531804474 -0.866959023200434 0.211766876127971 -0.904842588660293 0.234918319637067 -0.877528447311963 0.16626493869581
1257.58695564326 -1.27516280980353 0.261607851091143 -1.00960907834105 0.186659988741272 -1.01719922267278 0.214017775298821 -0.872065549163583 0.155401870220337
1262.95430859644 -1.23013400531272 0.259087877754454 -1.04959576549454 0.205227604406989 -1.02277848777333 0.211290767616909 -0.895961286361146 0.165632884974776
1268.32448415551 -1.2257731817308 0.281983827607079 -0.92256169962202 0.207941699006827 -0.966744383672839 0.214735590974989 -0.882001822261575 0.171061735398346
1273.68418904115 -1.28790250106613 0.311546414252732 -0.933733713351739 0.237172467565219 -1.02930990620728 0.22309136722965 -0.860266095302197 0.163290133159286
1279.10814812966 -1.25578501134078 0.309611782795131 -0.927985846721367 0.209520439201132 -1.02872086330529 0.220661611202765 -0.895321866772267 0.152131499312467
1284.46872431412 -1.24146051204661 0.286051508193012 -1.04922271641426 0.225868254569864 -0.964413914439254 0.210472470552524 -0.849422654411885 0.156147021614692
1289.83317733835 -1.2403762880358 0.245148019832713 -0.976172428303198 0.238970966202831 -1.08685762662247 0.221383997539157 -0.913409743939812 0.157674090745864
1295.19113019668 -1.22010254235511 0.302504393912543 -0.975209129326868 0.214350358216567 -1.02893917808927 0.227655256690049 -0.875225505135151 0.173070691967246
1300.55445983633 -1.23549494019608 0.280158795398663 -1.09090866791503 0.205181927110605 -1.05065243386109 0.214948305585502 -0.900198183194081 0.166294080228517
1305.92519551609 -1.28879006575971 0.261849629354729 -1.02138446020417 0.241685876045384 -0.992212255228359 0.237615640999898 -0.874862694146234 0.162005646185782
1311.29450040497 -1.17493348999778 0.264632181610452 -1.11571008982555 0.168727330662253 -1.03788682619727 0.210886023629037 -0.881537338993641 0.162814306395269
1316.67770018429 -1.23392690714627 0.294053053417102 -1.00995670753055 0.28623894051103 -1.01888488460138 0.237456011669984 -0.940436439449715 0.165029370150101
1322.0521568004 -1.14421637290661 0.332305331737346 -1.05926452624108 0.212623260069879 -1.09715817989348 0.22152028647897 -0.874956394303101 0.166837437020113
1327.42526434921 -1.36065316941767 0.283007813705482 -1.11892059045358 0.241271271397014 -1.0122009474607 0.204465958912387 -0.876724578508149 0.165598135787426
1332.7880590139 -1.31983496866087 0.331263233670811 -1.03113363879238 0.223331317833502 -0.97547275055006 0.222344914276867 -0.909252593154835 0.160045410282442
1338.16301414371 -1.34229582047919 0.270737713473225 -1.02642666818992 0.215686589072195 -1.08792047961827 0.226534142197927 -0.892368169362473 0.166662081755766
1343.52710004058 -1.19843787013451 0.318452919674699 -1.03908466669254 0.215174298398242 -1.07846062218862 0.224969026559116 -0.92787991470934 0.178205236493717
1348.89982474595 -1.31209405694335 0.258603879930164 -1.11455306010766 0.24332230286004 -1.09858130464948 0.266460995375574 -0.913647650912683 0.169391761999641
1354.37362828851 -1.27303935459713 0.329717369352594 -1.11809676932598 0.215678429799883 -0.996199466429906 0.193239598493655 -0.932793228230568 0.175052259678231
1359.7463341346 -1.37236650657087 0.273513676842371 -1.07152535217319 0.194982929473159 -1.02464087108768 0.244121569253416 -0.906187254589642 0.165706492462426
1365.11291259993 -1.36689719119613 0.284688157794549 -1.08744336786203 0.256159148659012 -1.11849896836832 0.218095941195294 -0.940432075065221 0.162780081993297
1370.4736182848 -1.36271122218614 0.273575599508363 -1.06215392249142 0.229660126063923 -1.06728669057286 0.255516819232433 -0.934724414582181 0.167795763703501
1376.18369594309 -1.36657444880848 0.336607108708862 -1.12744147899066 0.230817854371427 -0.999404943557173 0.196880748196826 -0.967392143343861 0.175234842403987
1381.55139842164 -1.42959793777709 0.299967243776494 -1.16496183919226 0.223342316426542 -1.07336559586604 0.218806010572813 -0.93698282712214 0.180076596765878
1386.91988733225 -1.37030559277991 0.271321108787121 -1.13385111215048 0.246843566171467 -1.09543529805699 0.243869903814293 -0.938296251895028 0.155318363698789
1392.29075188376 -1.46034605176692 0.277084958823352 -1.04785617264424 0.246525759751055 -1.08557244404431 0.225176315935975 -0.910113337207096 0.17508630189409
1397.69875979144 -1.43886459056466 0.270029472023439 -1.19040674763228 0.292803032415467 -1.06509796118455 0.231933504321525 -0.934617702399666 0.192935716417316
1403.07209302299 -1.3875402118656 0.308120032181407 -1.08344593542115 0.265264928843553 -1.07927097287932 0.238325815054886 -0.954389324686619 0.170418362407552
1408.45607357658 -1.43283690757016 0.280110948008613 -1.12106854813619 0.210431608613536 -1.06227329068263 0.206774770912141 -0.978508181110303 0.168154698360929
1413.82525022235 -1.37870825885693 0.273392290121721 -1.10542091252701 0.249967017996429 -1.09603699417351 0.236203939626115 -0.974612726173493 0.159139413857054
1419.19033063203 -1.44482706297367 0.285744114869275 -1.17026530923768 0.199584240227668 -1.06369998320218 0.235815700687319 -0.970906457207295 0.167264032648254
1424.56815803051 -1.39020375779728 0.34251602650214 -1.12901830422215 0.232017212624985 -1.08715633849299 0.240330070539592 -0.944330124459359 0.173349100983692
1429.93402047176 -1.32057235945194 0.289235321716391 -1.22914083274527 0.228639548173735 -1.16594454447425 0.263755099775032 -0.961647181115243 0.171490036018646
1435.32269384339 -1.51437066119342 0.315040786913941 -1.04172684448276 0.222512671869655 -0.915341963867312 0.240346143616968 -0.970855313938702 0.167408287270866
1440.70914684888 -1.32688077163129 0.276914039425961 -1.20097544985329 0.256152491992541 -1.04006349948207 0.243556411423832 -0.964900174142915 0.186243739088887
1446.07747797016 -1.38997098054915 0.311662691803506 -1.20079719694759 0.210575632873802 -1.13362782462712 0.214112661700604 -0.995826133491593 0.163911277509221
1451.44658420794 -1.29020339247018 0.324362800731607 -1.1017060150436 0.23565959938546 -1.13350185978964 0.225251709157199 -0.987556302781033 0.171090458569828
1456.82288589049 -1.3810274600628 0.339979747947908 -1.26063796328817 0.258224194043809 -1.21567098917006 0.243408336507947 -1.01915867219552 0.190486577725756
1462.19246235304 -1.45043001755039 0.304629611689777 -1.1121138599744 0.219610974834129 -1.07333400859709 0.214008320714406 -1.01220870604286 0.182293728806747
1467.57679494657 -1.45562026584093 0.281959972941238 -1.12042747633968 0.248983268965819 -1.15305671748677 0.203663472210145 -0.987893583114075 0.176153125299215
1472.97024977487 -1.44280542305569 0.285313360058965 -1.19767411472703 0.197640012900738 -1.18848148215368 0.252070445877273 -1.00017710699169 0.174190647516674
1478.36707727145 -1.51567762962441 0.311656392268802 -1.22635162445222 0.258593584885208 -1.07988872925437 0.232914329379277 -0.976344093748341 0.187436284499433
1483.74303257186 -1.42297445855002 0.324021836376958 -1.16151456209327 0.257253921184006 -1.10148523762103 0.223795439681034 -1.00593956566692 0.176078313480608
1489.16411310527 -1.49033417238752 0.27886961931192 -1.13529259609477 0.189510328225967 -1.15151471233087 0.236303617867613 -1.01236846801496 0.170011788273505
1494.54731477052 -1.47803391636853 0.283422696428446 -1.28396979021336 0.257348378915996 -1.11195812282124 0.226772559595126 -1.04820065952183 0.177716044108528
1499.93929731753 -1.51310994845062 0.272435422011612 -1.23769606771402 0.249339615625903 -1.15567895145653 0.199705610569147 -1.01474812881972 0.174787768289469
1505.31609814242 -1.4727751053515 0.303379978791541 -1.02164330678506 0.267098159429086 -1.1357630407528 0.225334066370998 -1.02283388962516 0.185152243453124
1510.683177636 -1.55047625920633 0.326544678292905 -1.20842712643043 0.199134766208008 -1.13548791529177 0.235439717489847 -1.00769059863544 0.168870698830524
1516.0716341259 -1.39701310355395 0.323746078422702 -1.13939601676993 0.239285205955188 -1.1996095905701 0.217938248727812 -0.986376139092701 0.17598106748273
1521.44149159174 -1.43805448024432 0.296196187951254 -1.16583475964599 0.228730523631274 -1.20304344821527 0.225679189029798 -1.03296735144497 0.182393113117306
1526.80941660982 -1.43079529637043 0.286850426121376 -1.20285313027416 0.230676710151275 -1.15031096566275 0.224190163963279 -1.04516394939876 0.168618967384069
1532.18174464162 -1.50173881770615 0.282956652124526 -1.11882632123725 0.226709313714966 -1.1075302672529 0.231521461556234 -1.08929963002786 0.17043077886344
1537.55170143303 -1.39911924112766 0.269822678412354 -1.27968737232022 0.254886832254161 -1.12813576857245 0.22531509124773 -1.06206078171929 0.1930043753161
1542.93192961812 -1.52749195753495 0.274393012933488 -1.22701330604486 0.220243757709458 -1.15053672251263 0.214789790650166 -1.03524303111928 0.170990980521857
1548.29760912433 -1.58166613364165 0.286375084481407 -1.3392423738771 0.243800723525826 -1.16089614707783 0.226888840307687 -1.03479655507701 0.169060985254638
1553.66993841343 -1.64343261156409 0.294706360793342 -1.28691256093289 0.225868444678131 -1.1823354907687 0.213676670330706 -1.0256740468096 0.168371121940175
1559.03852036316 -1.41600003710846 0.31502162082056 -1.22966109933777 0.280106222839894 -1.17247360213871 0.232508131077829 -1.04561901596046 0.167185964772236
1564.41402618401 -1.50043805312544 0.28837625327536 -1.19515601890607 0.209402596886409 -1.22121975585099 0.234375210177582 -1.06209182249333 0.169563816091844
1569.80605022144 -1.62141225918094 0.301390447959776 -1.27963329898621 0.212198246372598 -1.17655006491025 0.220350590089772 -1.01594508280525 0.189253710904189
1575.28350492101 -1.40889012313346 0.262086970180449 -1.15503006848003 0.298699236464419 -1.12572374102631 0.238922890694077 -0.99365241170128 0.172564177177683
1580.66971275583 -1.34935073364704 0.322627006666878 -1.32466989355607 0.243886516826482 -1.21547527199703 0.196852201976718 -1.0317753512679 0.177972843746324
1586.0540415775 -1.44859678170542 0.275875809590261 -1.20104208635594 0.21394205245824 -1.28157524352985 0.241766253667244 -1.02414761490465 0.17729951104021
1591.43852127343 -1.56164268090288 0.277304533563709 -1.30665026875631 0.199092758577226 -1.23676971998969 0.21126379649882 -1.07239861130913 0.173248819660891
1596.81782409642 -1.48089872731725 0.342956484992286 -1.24890160756622 0.250972925298615 -1.18654977863746 0.285158892012838 -1.04839112285274 0.197889813218956
1602.19190415554 -1.51887485567659 0.295411485761733 -1.23632156225376 0.267280066166652 -1.23035406122602 0.235722924305215 -1.07334816379873 0.189521283746635
1607.55835752096 -1.52658227392976 0.290642624146543 -1.27774874093457 0.26510253174084 -1.23084149417439 0.237468229628156 -1.0223006292201 0.185381053560895
1612.93071509898 -1.5586976501736 0.265416881672125 -1.17830568375502 0.21481202522833 -1.23637084251361 0.213044648018148 -1.03663530124752 0.195434932111588
1618.29701570421 -1.56037082395414 0.268884495017986 -1.14581517624192 0.222679187634842 -1.22913838298557 0.261675881063489 -1.03883308675742 0.182486641878177
1623.67534287367 -1.64256767987172 0.276029717895924 -1.30541954981591 0.203871349740442 -1.19773669235786 0.254771754115488 -1.05498575343219 0.181220203231852
1629.0617965078 -1.2193719154493 0.303192857851102 -1.07112798290764 0.23853279753374 -0.955383939544325 0.227128922844464 -0.766802224916066 0.212491912937984
1634.43315391522 -1.55561358850628 0.334137989573933 -1.23009886863129 0.278381592494074 -1.19823082550641 0.231082712589988 -1.06302793082452 0.166037718879245
1639.79983044881 -1.47162962453012 0.272692453114545 -1.23757130476151 0.266074452567327 -1.24209742368696 0.256446472194646 -1.04250249107847 0.179890321407903
1645.1774063902 -1.53751381917755 0.272161285955705 -1.24447001936342 0.228939286802447 -1.19953914213732 0.260537204832467 -1.0566469812413 0.176737706366658
1650.55461646151 -1.49210491897111 0.333709634117654 -1.26974613788043 0.271940172532911 -1.19107572429259 0.252628151811514 -1.01016545964805 0.177550578313336
1655.95334937423 -1.52296896958296 0.281740065705137 -1.22512313323541 0.240020398209371 -1.1977071380333 0.254334383847201 -1.04051697260977 0.173925156765612
1661.54914921243 -1.59026137239198 0.261766675662231 -1.28599621029998 0.239361207023538 -1.23388699243463 0.264612119025166 -1.04298167103045 0.163756348837004
1666.92137540411 -1.53948856141596 0.290730696127995 -1.40152057828818 0.22800974174746 -1.21058935579815 0.268825316748128 -1.07314873741891 0.185238514378745
1672.30930697732 -1.67613859409039 0.302008159182478 -1.24342310624634 0.226767832309466 -1.21673704697962 0.221749611219757 -1.04228413194616 0.195210540798349
1677.70875905734 -1.51401922848254 0.275541040603927 -1.25183569984956 0.257677147967914 -1.27871908793843 0.256700995805367 -1.11657027161957 0.189052949921482
1683.07196485437 -1.66192298813621 0.301066768852608 -1.31304746317182 0.251121176001479 -1.24122206668056 0.254566878264235 -1.08875588500016 0.184447931380837
1688.45682362188 -1.66535393517643 0.342179783462584 -1.21081570657425 0.25706625855938 -1.31960898545542 0.25276437912914 -1.12078922000385 0.171340957142625
1693.83386898879 -1.73764976855546 0.315620984793029 -1.16541653322493 0.23992026424111 -1.23613103919109 0.254047798901048 -1.07663683351732 0.191842560683973
1699.20132692531 -1.62620485756725 0.257148060842085 -1.37180848392172 0.196379580291651 -1.22785254262765 0.264632676835625 -1.09764657507523 0.180504019174286
1704.57040613145 -1.4306222200039 0.30002781348425 -1.25527616786276 0.250800011944708 -1.23990435380295 0.242519676536936 -1.12524400409913 0.184211962187667
1709.94239029568 -1.5070996035779 0.296035995142817 -1.24648307981415 0.240886843325516 -1.24937356809772 0.266734576112022 -1.10289048493107 0.189376797659001
1715.32206653245 -1.56869831677704 0.306537698397776 -1.29273046227599 0.24199184180549 -1.27743119973495 0.244639154187958 -1.12393424004515 0.192093023980639
1720.70476905536 -1.56032996931617 0.323623984258533 -1.23772739815031 0.252866093677856 -1.29889198193944 0.242371273516746 -1.1579685451936 0.189050012167591
1726.0702209929 -1.54120024165968 0.29669161355686 -1.43300749855571 0.250374391961831 -1.26275570279079 0.223030319762195 -1.13473919206374 0.181999636504094
1731.43520647753 -1.54252225157052 0.297159379871616 -1.28283538567321 0.223793843704872 -1.35669430998126 0.265626599975739 -1.13353697217346 0.172911473386342
1736.79788295738 -1.58239989413778 0.284438029276104 -1.30634240704076 0.286383197240727 -1.34069825935915 0.263352937611664 -1.10585395833025 0.183335519294381
1742.16796107683 -1.5487448870781 0.311894823014698 -1.33998503508492 0.257846785790125 -1.34111008275106 0.26528096016505 -1.1173867741247 0.182644589873468
1747.53704154026 -1.55972977041165 0.2985924790856 -1.3198355694346 0.24332040013812 -1.34699986569961 0.248883670193344 -1.13482748889439 0.174026788550726
1752.90866674948 -1.6167298331502 0.26605874747547 -1.32175070019885 0.282045304806534 -1.3127777556578 0.262243621786617 -1.15630753427942 0.181177945590981
1758.28555935621 -1.46320828916078 0.310139936556184 -1.27559524598037 0.262475680266963 -1.28497300630527 0.254964091002954 -1.15965200553521 0.179343537456993
1763.70766206272 -1.55454965615218 0.291018008200965 -1.2457749893003 0.218884009007897 -1.2933892044993 0.243603483500102 -1.1404900220384 0.179322829608146
1769.11548640672 -1.63615104055862 0.363541660364135 -1.35112480419202 0.197676263106761 -1.31142440346041 0.26394679602452 -1.10541687664247 0.182579889824488
1774.52083704155 -1.63596899493496 0.291636142505028 -1.41498655351297 0.189215621145795 -1.28294437179959 0.256104653150011 -1.15780133181326 0.197232405038569
1779.92717716005 -1.68012196256677 0.333441948713543 -1.28265045183225 0.270609149647359 -1.35186573664344 0.280396051795229 -1.13953768468739 0.180274272528855
1785.34160476737 -1.77222975091581 0.287535592141482 -1.24130173745079 0.269573844806732 -1.27449283443769 0.270485352974625 -1.1657166713496 0.188699431233807
1790.73854793422 -1.54087421542863 0.291559408107773 -1.30931414710785 0.218784967396093 -1.2438087826685 0.258619568208083 -1.16321537070982 0.19109183792927
1796.10787985474 -1.70226040727357 0.365330317307426 -1.44668767722778 0.26401016983829 -1.33582103160182 0.240849921985209 -1.16518454260469 0.176177885945356
1801.47820943128 -1.63987241060977 0.308808778564882 -1.30762302177454 0.292193792080216 -1.27641052554048 0.241993726628415 -1.15147647102842 0.197035846426309
1806.85616130102 -1.71506868795996 0.320951176512566 -1.37896538796322 0.234878517400123 -1.33810255797146 0.265889438183173 -1.17438225786075 0.196289269345505
1812.22299310938 -1.54443547126084 0.382098873127789 -1.41572409840746 0.224609690752121 -1.30827071531888 0.263770128107161 -1.20289879630193 0.189512117352172
1817.60769848805 -1.64895662165145 0.268964635455419 -1.37802693890826 0.261856100433224 -1.37400527738412 0.264380387089965 -1.13423907101353 0.187006081583511
1822.98740175646 -1.70311254135231 0.30805715991555 -1.37237640442772 0.223898452716586 -1.33873264399329 0.286615492413837 -1.16995603018515 0.190778878352453
1828.36085820198 -1.59362625699669 0.314847238460474 -1.4909921874334 0.262424158778916 -1.25610192347124 0.267824105056299 -1.18089723345495 0.172942945478759
1833.72893409431 -1.52622816832309 0.329956396242651 -1.41344294371511 0.261314847783612 -1.29747528916317 0.265612838146346 -1.16566375567047 0.194171274765785
1839.09651650209 -1.59992299908345 0.278713118508009 -1.3397105549504 0.254418574585205 -1.34430734295204 0.274195982958609 -1.15238438139542 0.187292115960666
1844.48009472433 -1.60323741097181 0.258804386835138 -1.34894266920601 0.233657393344519 -1.3599925287421 0.276957257628631 -1.17707387695893 0.187910982514615
1849.85704893805 -1.4534875377658 0.241455474371165 -1.34249085458414 0.268857656112661 -1.32017573089836 0.263227968742065 -1.16540977779525 0.1846935257795
1855.22912677005 -1.78770425539642 0.285093935355079 -1.22221976267629 0.248535815292772 -1.30909404066363 0.278839737281395 -1.1470198011086 0.189604900441487
1860.60508081317 -1.67662084099084 0.280795867836262 -1.35500065880315 0.282416079470099 -1.35534919493278 0.259933970807488 -1.1966594830835 0.192084919426953
1865.9887853926 -1.56861404015581 0.286535382161916 -1.37348899515764 0.275989820009503 -1.3581990005004 0.291198658959566 -1.16693197942616 0.188612914530032
1871.390408176 -1.75372895905321 0.384095969230672 -1.36543414788748 0.245261074073486 -1.31224968192139 0.275615769112555 -1.13605180141187 0.187452521422947
1876.75719409343 -1.71996765331869 0.269429158864242 -1.43315021666213 0.255053598189992 -1.24231988312243 0.260644401451053 -1.19683668769241 0.194953231034808
1882.12952401116 -1.60249977555304 0.325166900190724 -1.37594503583814 0.227907089721842 -1.34457250272947 0.270269991240575 -1.1956454325734 0.198849615208508
1887.51085294969 -1.7212244725124 0.322261678699008 -1.30518168705039 0.202739573781603 -1.34467134426034 0.243050247352905 -1.19320685257682 0.185862298799896
1892.89431047253 -1.64010385420352 0.250947334046814 -1.42295907484795 0.253835516564553 -1.32334556125482 0.244960031569811 -1.16169758478984 0.178281278799708
1898.25776144024 -1.68380062340657 0.244707468382771 -1.44941024678265 0.225880893132203 -1.33675146117087 0.257668442522636 -1.16973567015768 0.193648240312206
1903.63947825134 -1.64963257805948 0.302505875485182 -1.33721624436312 0.253781021676335 -1.31979973841265 0.234088800643129 -1.21508610007024 0.195661567077813
1909.0054217875 -1.79952233653694 0.288961846734751 -1.41798636736776 0.21581036113594 -1.36156424468475 0.259507715052031 -1.18913713352706 0.179451089567855
1914.37900207564 -1.69630812477499 0.316461394031834 -1.48826766433622 0.26985624134355 -1.41710965349551 0.209035583347067 -1.18960395462156 0.192322693504017
1919.76983043458 -1.78412886829619 0.29372785861061 -1.41246144148017 0.274204536280425 -1.39474138844564 0.217667765049676 -1.19243284321667 0.177333845737272
1925.13641267177 -1.69363465094511 0.295212588116315 -1.3976356756918 0.238536839676588 -1.32762858072913 0.251157146604562 -1.20380380839308 0.202126946847449
1930.5017395094 -1.76762850392788 0.350548750492963 -1.39800132113005 0.268978211420663 -1.39420967776134 0.247555331242232 -1.22261818505169 0.195459122101674
1935.87969326507 -1.69554170093397 0.318265121689891 -1.50402799742751 0.245153781606692 -1.43489127726791 0.257552394795233 -1.21909381042107 0.168640358849209
1941.25202318281 -1.6445905832843 0.2362599071664 -1.50602514865313 0.250929787946493 -1.37713317480841 0.25330413744026 -1.22210559090147 0.19012956032683
1946.61260376778 -1.66279645695249 0.274932151200532 -1.31325254338317 0.210970089109796 -1.35038307961979 0.258767042461649 -1.22041072040995 0.177721357015279
1951.97743272036 -1.71079777301793 0.298023472195596 -1.37069185199671 0.278558344398366 -1.32743756913026 0.242276386005379 -1.21208835813897 0.191703105570162
1957.35276063532 -1.70794294895177 0.340911586338465 -1.50182497697388 0.189841291539896 -1.39813891706029 0.263037584265469 -1.18947688083037 0.217937083065315
1962.73396510258 -1.54977184654717 0.270344827470823 -1.50610432075764 0.268697215435939 -1.34892679552234 0.250540770974418 -1.20215346174266 0.19920498588538
1968.13304376882 -1.53963242591863 0.274733239563987 -1.42759173559462 0.248176593678781 -1.34169589848755 0.288005048717757 -1.20850264453404 0.186608966834178
1973.50274784584 -1.75463590643267 0.245760164021264 -1.51198372962399 0.251759101845412 -1.40798851329639 0.301152134374895 -1.22641250829085 0.171358671334537
1978.87882887479 -1.73602653663784 0.299660592784151 -1.4813699928156 0.307392604106812 -1.32577983304139 0.266971599600232 -1.19507453514663 0.192415326063375
1984.2511569066 -1.73118992643003 0.304756633171238 -1.42605173709326 0.293179982149443 -1.32233934650815 0.236120097517151 -1.23085995439189 0.191052545134659
1989.63248773105 -1.56583326306372 0.314987241621154 -1.4869478304915 0.26347809759574 -1.4250867048899 0.261774480495696 -1.20579547193504 0.196569376199555
1995.03869269136 -1.68723733657544 0.314853293454903 -1.30977330329342 0.263557811985723 -1.38573812388261 0.261126548386095 -1.25107781016343 0.190177127113308
2000.42754711211 -1.65549906898468 0.280180592543176 -1.49291969510223 0.230212512878015 -1.35584857009729 0.272234489564148 -1.20938252664448 0.195995189099967
2005.7948516598 -1.82791789120893 0.303030328764564 -1.54325253339921 0.275028116664263 -1.38474679646054 0.258631947203945 -1.22526314447507 0.189178271184665
2011.17067620251 -1.73642138015657 0.319169601721669 -1.54781398000632 0.207985860867612 -1.4089320644029 0.272519554926753 -1.23262787285941 0.202612894839653
2016.55100811366 -1.74350439505224 0.272692865611888 -1.45715407031112 0.218843820286768 -1.37833016912139 0.259186502816952 -1.25069429815014 0.200241044477998
2021.9162393976 -1.6933280458943 0.263509098882211 -1.47501503276153 0.27007376228136 -1.38989033457795 0.248373380802541 -1.24895971523549 0.178758647725736
2027.29466463532 -1.7364625706914 0.250742220227651 -1.41318309726621 0.272768695833353 -1.3847086558739 0.259426360878372 -1.19940990216375 0.184053295678942
2032.68249311112 -1.75027118247181 0.33465029489797 -1.47979504215045 0.254611588695272 -1.36807315491517 0.247417280275705 -1.23347013284931 0.180994531940292
2038.04433035292 -1.76428773623138 0.297436178058249 -1.47993889125491 0.230111606302504 -1.40549432394066 0.275846449602376 -1.26827345878084 0.187594884412838
2043.41754980013 -1.62880907638828 0.312798160628589 -1.40344313057558 0.284722181514897 -1.42974964437047 0.244918993399885 -1.28581023554191 0.192372063217511
2048.7973599378 -1.77530355872159 0.295639911368213 -1.47544844644581 0.253167192130039 -1.37922241765812 0.284013860276282 -1.2398693454613 0.180952735621182
2054.18606474157 -1.814887250428 0.271504776111741 -1.46152894096867 0.28365950343775 -1.35837812735911 0.285979087664664 -1.25465516670076 0.189179405720601
2059.55964565836 -1.74091916403631 0.285271303138402 -1.39192220541163 0.260859098647362 -1.46775689096687 0.296567333584825 -1.27688934826367 0.195244864784704
2064.93112565111 -1.72769441762512 0.267943118758112 -1.43000136213796 0.199449552738262 -1.32160614125808 0.258931928933045 -1.25912980410951 0.197143387855198
2070.3196776947 -1.81561368638222 0.366184536602319 -1.47961119087831 0.257875868066211 -1.43300985559102 0.277654210619779 -1.26740375499114 0.19262339387432
2075.69888684992 -1.81423511290495 0.352206141339779 -1.55061468752519 0.269240652061686 -1.43054045325237 0.263464132139596 -1.25585505455931 0.183489832883431
2081.06595942844 -1.82793720559721 0.325043093025685 -1.51240356760554 0.235577480240895 -1.43836906460085 0.25501092461672 -1.27097269568341 0.181715807724095
2086.43644427974 -1.76814050906842 0.305680682397125 -1.33940759199159 0.276734374663736 -1.4625739339562 0.261974702286203 -1.28156083497899 0.182038486969851
2091.81424401794 -1.80015715332274 0.316983709068936 -1.52302879142071 0.280977497738039 -1.43302746344164 0.276620813350384 -1.31184547732457 0.185953032520593
2097.18769732025 -1.74402034837931 0.289687960675381 -1.366625316911 0.243766661683541 -1.47474041808203 0.273797292246975 -1.25855801095733 0.198949216651364
2102.55427955743 -1.75823816777711 0.253033919517251 -1.46049900027419 0.275907847765612 -1.42249208170727 0.247522000433882 -1.28327983541815 0.192815638193415
2107.93588698469 -1.8104352547125 0.296444245736311 -1.46594172837667 0.281902699942865 -1.43340304188808 0.252297258570174 -1.28277012960936 0.198845273534921
2113.31318569463 -1.79777356916611 0.289160257630542 -1.52408566745426 0.25372586173032 -1.37219605715511 0.25411232037208 -1.2429127246821 0.211391561342203
2118.69064093661 -1.75324485447436 0.315778945235778 -1.48803975554638 0.233195201869055 -1.36290207732275 0.294452287093286 -1.29294044696801 0.193413295385063
2124.05834467243 -1.63151981119245 0.257248564163647 -1.38111363323851 0.222357093168856 -1.37372904710849 0.269351785959607 -1.27078138298632 0.198952204153407
2129.43382220436 -1.75185625375752 0.302061052348322 -1.40026890235476 0.246591520524024 -1.41411128015755 0.259312991320577 -1.26394567811005 0.195812573929849
2134.80550524872 -1.68388559851974 0.298467858946382 -1.40289533930327 0.275564709798093 -1.36764277531977 0.276259275605703 -1.26090491818215 0.196707895586975
2140.1800907366 -1.8274383383141 0.297009893664111 -1.46532408418552 0.236970587123412 -1.38042399088538 0.25638235344902 -1.23260119895324 0.19053361031775
2145.54316389002 -1.68721867287104 0.343727298881718 -1.47658571200891 0.227646912340336 -1.29618381723042 0.258498980413755 -1.28371263798929 0.176890291304324
2150.91264102701 -1.81943549088101 0.295681484147239 -1.52231977926995 0.264949639450325 -1.47604939887918 0.265412110920074 -1.2138466570793 0.186748116881652
2156.28256952949 -1.72474409077495 0.246882183348462 -1.45144624757104 0.238490144295586 -1.37701266379593 0.282722777098989 -1.22455308924302 0.207263906031904
2161.67027730588 -1.68567409735351 0.293226343117326 -1.46284546601073 0.251711388488903 -1.49407666297196 0.23192122044005 -1.23261581782001 0.190801412139613
2167.03935588337 -1.79067388235489 0.247162114073931 -1.41536905440007 0.214786166830809 -1.45064346506472 0.261564897138847 -1.25118147340274 0.188417344848296
2172.42371173669 -1.70496681515306 0.271158764020286 -1.43749600993915 0.249019998475976 -1.37695547739661 0.241198344031666 -1.28210097144231 0.18944683140689
2177.78964018542 -1.62992640767425 0.270782022707991 -1.424529850208 0.254927797384173 -1.30625822728591 0.265169903145953 -1.22942272663315 0.179520634566692
2183.17459450662 -1.7522353070126 0.234966949963039 -1.51608675094776 0.204115743053482 -1.42925113028007 0.241245848869333 -1.21383266985615 0.182746219787112
2188.54117045738 -1.62141197605888 0.275559589572951 -1.33646932142274 0.248353813137274 -1.3419458771745 0.254257109383126 -1.26460675239761 0.178416461332339
2193.91477777716 -1.57529632309024 0.291574593104273 -1.57384225549613 0.252870400713849 -1.37130232488828 0.238427213000541 -1.21042255898485 0.182736836762877
2199.28458055109 -1.63360969967107 0.232425468282643 -1.37590272473626 0.206452713265921 -1.38055839510201 0.239246808561099 -1.20584083189735 0.162556650080894
2204.66053710878 -1.64662374366253 0.275241623495746 -1.35439223396106 0.206452387728806 -1.33529379020131 0.275442790294541 -1.25993901746299 0.151779250149978
2210.0261166608 -1.71914078353802 0.20945524775199 -1.34239058839576 0.252857079365558 -1.40132502799945 0.265663885196766 -1.2240545800016 0.164424064945556
2215.41633963678 -1.67385006071572 0.252850151578614 -1.38517905371709 0.198965144385656 -1.360383287214 0.253624394594887 -1.19708600067608 0.16622209495312
2220.78265281487 -1.75193807417099 0.294930276955498 -1.40875700833722 0.209243965674322 -1.39473781642476 0.270235599515708 -1.21025173869586 0.181380864745129
2226.15510280337 -1.71549905708889 0.224773108600758 -1.2363826793664 0.189027713804567 -1.35422030850525 0.230441095508361 -1.20829192473022 0.15548432307171
2231.53582070116 -1.67012693481092 0.293249838882148 -1.2788998452058 0.220473865942697 -1.35222543045159 0.265525718107462 -1.24074505027986 0.156960970552496
2236.92079136707 -1.68698219020098 0.298503730481841 -1.42949500950472 0.172990075007622 -1.3431524965735 0.261933385479104 -1.21918524146278 0.14744921317456
2242.28935194295 -1.58683832048337 0.247261800550107 -1.38303113701268 0.189169148855715 -1.37898747211414 0.25279303589749 -1.20058840685599 0.15328392758591
2247.67379580624 -1.58712120164364 0.237052892233849 -1.30672172503973 0.207701176729703 -1.32510451454475 0.22246527958027 -1.21683223055627 0.149554927444419
2253.03862413019 -1.7012959091262 0.202285238538693 -1.46390523510509 0.218360851176076 -1.35160486840089 0.248692292205469 -1.20310086018683 0.154288970504701
2258.41223019268 -1.51719503908316 0.243252654499842 -1.39828772442861 0.195530372266209 -1.32640910162802 0.262366527124193 -1.234979453254 0.151070147484794
2263.77653862908 -1.5843954595075 0.253350061947615 -1.43149868520432 0.230034480792088 -1.36791746332522 0.239896067581604 -1.186871877215 0.133484025600246
2269.16148792114 -1.67844951645975 0.238129414041752 -1.35822058069034 0.160166520881635 -1.38092167796133 0.234692358407067 -1.19265654855483 0.175473252216043
2274.52632001694 -1.60600119204764 0.234687918697333 -1.33936732234879 0.18143816519694 -1.34665562545972 0.222199710100433 -1.18032373246408 0.161355967334067
2279.93036307488 -1.5643413550797 0.286094375217247 -1.39234635578914 0.244264900076761 -1.3373668631629 0.235150512048229 -1.23675337606184 0.152680040046554
2285.3075982919 -1.69579163935214 0.216709838428003 -1.4142074820631 0.17986294978775 -1.3002875267752 0.238977362427157 -1.16973807338374 0.149439419123517
2290.68168086559 -1.71980828415781 0.294793267958611 -1.37227778258257 0.245759861251518 -1.27406190562799 0.239027613820916 -1.22736651953912 0.16105317437455
2296.04900804441 -1.6287566081578 0.238567725133394 -1.43118976625119 0.216356494587362 -1.36078400498348 0.172900145214307 -1.20601872444351 0.155144782970857
2301.41986693814 -1.54901498055915 0.254059048107977 -1.40091912718908 0.183261632819327 -1.38229608975728 0.203142551932082 -1.15621018582098 0.15273430484914
2306.79079435393 -1.64796412918895 0.241411037473271 -1.43539554598256 0.22666565867107 -1.40207962705966 0.220177927286478 -1.19174130764461 0.161192708319994
2312.16562186927 -1.53990394246011 0.235682502846331 -1.28913450362616 0.191859592264283 -1.38807602028049 0.223080548490223 -1.19400391320571 0.156541316298252
2317.55957772583 -1.70990317373435 0.230401662946534 -1.24881957294856 0.21563740755548 -1.39413288994904 0.223450928541205 -1.22707407762775 0.175474097492219
2322.93093639053 -1.70956249096935 0.271160245465453 -1.47362649264251 0.225702506267996 -1.32953865308121 0.234647377935239 -1.23207541727536 0.154780417667389
2328.30886185728 -1.61864067424267 0.248492399155041 -1.43906948762442 0.239453312856231 -1.35897474430879 0.280297090554946 -1.19374889804451 0.1670555176592
2333.68756684102 -1.64173851593296 0.239965430889143 -1.39660847904606 0.232418244397397 -1.35435680739959 0.250332631736448 -1.22008478151585 0.148474974459482
2339.07739377208 -1.74978928016071 0.230906173223432 -1.49773791255866 0.220516378511124 -1.39218299956558 0.226073484604505 -1.24343416349913 0.164867099553923
2344.43850304559 -1.62031726038913 0.332456493893361 -1.36398734795348 0.169438484741707 -1.38406419129608 0.2535598470593 -1.20566449569489 0.157342376886795
2349.81167597324 -1.59421287659734 0.242073799090392 -1.3479101163377 0.2341492518641 -1.45355935834726 0.203377021550985 -1.24013791405671 0.167595919446391
2355.19088198524 -1.55937008928686 0.245179504625398 -1.29227554770632 0.209489070604409 -1.30238506212111 0.23685543167273 -1.18164340910173 0.160879423606949
2360.63171573076 -1.72391354413276 0.274797275734173 -1.36212625103526 0.190899782393732 -1.44279488296745 0.201775011497581 -1.21351882325436 0.180069631812422
2366.01084944885 -1.62334451386278 0.277462284752105 -1.37022503288899 0.236856807811481 -1.34080797341624 0.225664677209899 -1.20338847991681 0.154004960311134
2371.4144147383 -1.63359716531068 0.25685892980134 -1.40473244907771 0.177561877793184 -1.32139664476829 0.23037227884867 -1.20158486820103 0.158027606571699
2376.83520106692 -1.50901676524609 0.280410921853034 -1.50025761397974 0.218867257923737 -1.38555342611828 0.224287283147568 -1.20745548612715 0.154350024193895
2382.2536570169 -1.53131641319851 0.24396492955016 -1.38839592608128 0.214130572931371 -1.27047309293623 0.242275963089504 -1.16130731344421 0.16223470661928
2387.95889286883 -1.54139431562453 0.28342829585607 -1.40779086547418 0.228557880542613 -1.38548044661677 0.246540176948024 -1.18234582252146 0.177695608041993
2393.34493474197 -1.66471923014979 0.233912709249339 -1.39476720812236 0.214944149423818 -1.25464573197444 0.215436383235435 -1.21872168289449 0.157046234832627
2398.72651450895 -1.51714101243942 0.262078441474146 -1.40568355741398 0.237773975993153 -1.2266530459837 0.201174932931018 -1.05739092502492 0.175719359792104
2404.09346638806 -1.63995815313319 0.250939376551984 -1.49565504463835 0.214813565294211 -1.31866077135003 0.229788466430229 -1.20956701543784 0.157621614731517
2409.46257262584 -1.49130047543804 0.194989004811718 -1.50125166001244 0.19120450759846 -1.33522864232457 0.234950139973044 -1.19649909195161 0.164610262056079
2414.87162533775 -1.69830680759196 0.239030161938459 -1.54454250606223 0.155839594530025 -1.33244393673697 0.227377560543609 -1.19688601550317 0.167241049315627
2420.25608114526 -1.72364574605172 0.259463172890137 -1.41402506577306 0.230155659713976 -1.35009368842559 0.21092189443042 -1.244577781262 0.161739720107071
2425.62453736644 -1.47709464526633 0.264602748822299 -1.40801768200909 0.244963723884329 -1.37580349204102 0.199791384268885 -1.21764951040516 0.159461580597728
2430.99873875361 -1.71824038211435 0.257417286731923 -1.49888029518042 0.20871210580967 -1.45213197079459 0.254877491951596 -1.22239552445055 0.158883816001995
2436.37944282126 -1.65026411100189 0.257409134986248 -1.5174488131931 0.185728130451967 -1.44821121238549 0.190013394948586 -1.19093287991311 0.186281641857384
2441.76177130174 -1.55968648502176 0.225526001886195 -1.50722955065266 0.203705875532254 -1.42030321820851 0.212064821316112 -1.25977319982505 0.157541301823535
2447.16047781147 -1.62882943696241 0.205356577644509 -1.38711973252221 0.175825610738659 -1.43078467689832 0.234514252773373 -1.24569836927978 0.173506046211137
2452.52705879137 -1.63078671069388 0.259013915270473 -1.47711837338711 0.229827949565109 -1.42504813749149 0.222172945287944 -1.27411078420139 0.164770980826055
2457.90216542408 -1.73499747983078 0.226821318227295 -1.43588243397398 0.233855576788361 -1.49806915982838 0.258888648798269 -1.25236251377575 0.170975726170219
2463.26946619991 -1.83228226250867 0.230657060341074 -1.4488052588933 0.224561611311433 -1.37645780841506 0.257934750464294 -1.27164022465715 0.168228170548424
2468.66104767285 -1.80473764671842 0.225320750418988 -1.45935429456149 0.216983783052885 -1.39328361423252 0.185817596428173 -1.28989187634827 0.15213716578679
2474.04362509586 -1.84050535655479 0.260203192083183 -1.51559554981504 0.229132665570351 -1.45269630118485 0.252122412119796 -1.26357607881411 0.167267698224428
2479.4161065165 -1.73275387904505 0.240945065633341 -1.47416295679723 0.20020645169544 -1.48416756959198 0.219628126862695 -1.30655017584761 0.173077882607422
2484.78140820842 -1.76125866357415 0.185053687075297 -1.57509337934171 0.207489933156953 -1.45749379602233 0.236691611780252 -1.29620524585446 0.182727800815093
2490.17448773701 -1.77849035458212 0.235700504701683 -1.39479589732782 0.226836894693154 -1.48648858297422 0.226197130476642 -1.27805418362388 0.15566700706686
2495.55556710437 -1.78333275513296 0.237856255087522 -1.44974581795232 0.190402487910237 -1.4387378268297 0.240162819845146 -1.26171469115727 0.155964850092949
2500.92967419513 -1.78752936481396 0.273602154096594 -1.43760620402618 0.182356039005473 -1.49054652998841 0.222738353618261 -1.28245290541165 0.1896711842517
2506.30447593611 -1.75941664970378 0.235390967513795 -1.46252823221012 0.236466601050726 -1.42065195753451 0.255381701680015 -1.29659475641276 0.190882233842721
2511.69192911219 -1.74832734586244 0.248049302355341 -1.41328229429628 0.190906724624373 -1.43709663635212 0.232694364991197 -1.31045876036271 0.19066067883579
2517.05725972168 -1.78719989889805 0.259071840930333 -1.4344484170012 0.230233857142284 -1.50632325786903 0.227340572100651 -1.2951642018904 0.163474214518139
2522.42874411494 -1.78444481823772 0.227441087633125 -1.53178522261278 0.255277406833105 -1.4745856067256 0.260327489275049 -1.28080386012991 0.16720023934139
2527.78992002457 -1.7704644656078 0.254973739255136 -1.49751742827193 0.206961195320961 -1.50466065548738 0.241596170203245 -1.26184176412082 0.18691492328751
2533.38261562493 -1.6209988575074 0.283252360285176 -1.45969990613385 0.267736231379647 -1.47530463990727 0.253214247302061 -1.29108381360968 0.181909271145521
2538.75332490169 -1.77579180147677 0.275249203488088 -1.47720014276429 0.213092012753552 -1.49294004390634 0.226672289585729 -1.27923296729907 0.186183629018223
2544.13677928131 -1.78934211156229 0.221769684861486 -1.50596289309187 0.196236968088843 -1.50845254865447 0.241625763011619 -1.27894094841506 0.174553579248588
2549.52185681649 -1.723679747397 0.255713610084329 -1.52493075104867 0.242982734225112 -1.48522048032003 0.244808970500237 -1.28378842695085 0.172754697022987
2554.89674719609 -1.73788261720483 0.237916497132276 -1.50249074446465 0.217394116397091 -1.48686378037649 0.224292865111771 -1.27776606304971 0.170187054206145
2560.26189109869 -1.70191790718764 0.28550202069188 -1.4942046110561 0.225769239272583 -1.39709945037241 0.241814927468987 -1.3155221832146 0.172116357846412
2565.63609059993 -1.76471345123082 0.218477110317267 -1.52766449796463 0.19483597132805 -1.47558963632303 0.234196968786982 -1.28328333305146 0.156031590539903
2571.38342036959 -1.76374578224068 0.255206463065193 -1.45295914756589 0.204308313632598 -1.50157241963227 0.2533653171024 -1.28682161460503 0.161968957221539
2576.75190236513 -1.51014743679707 0.236088376100682 -1.45067015486275 0.242960858452537 -1.46081989059842 0.214878859561004 -1.3038868565379 0.176757443957605
2582.11620388646 -1.76461383075957 0.20265824988816 -1.39471099870725 0.228950093485029 -1.46102867076791 0.233832810163541 -1.28460292359361 0.159735617242865
2587.49253700115 -1.82522189986139 0.264645775958841 -1.57688337909503 0.202777961636744 -1.47900055895246 0.219109212441616 -1.32878794776227 0.168469761645802
2592.86836468708 -1.6793198113287 0.269522476191199 -1.51302192034627 0.214143923070427 -1.43041084720965 0.255022686879606 -1.31563924839267 0.171996542306423
2598.24506995827 -1.78393725798969 0.2179829285095 -1.51703892620726 0.19782077958607 -1.47277418538208 0.247078144178495 -1.25451410154685 0.174762286859497
2603.61489913519 -1.68868857742791 0.228828111413052 -1.66368745612426 0.236031804303369 -1.4492779992874 0.239177174776678 -1.3015225729034 0.177758667318478
2608.98710583895 -1.85729687284856 0.197456714691456 -1.55062747123175 0.218097799899542 -1.50910667982855 0.242284991206851 -1.28495976583983 0.17309446039183
2614.36069429945 -1.76754190831343 0.261497536639028 -1.50913620787169 0.199473562167586 -1.52203465799487 0.238309831538452 -1.28769703464534 0.171671293629607
2619.72601233609 -1.8338410611841 0.22310905443267 -1.40469695749216 0.198577098069396 -1.48218763953167 0.243960756045006 -1.27046827316483 0.176014493554084
2625.09134294558 -1.665550842225 0.237506444816532 -1.56753963279034 0.198330468760961 -1.51727303663886 0.269991834861081 -1.29127447313906 0.189846004465614
2630.47019628901 -1.72429220623235 0.218064885826934 -1.51563934879796 0.158115244342301 -1.44821725693503 0.236640541403538 -1.33802109301289 0.171589280610241
2635.8548740074 -1.8923825459824 0.237228875052197 -1.53771620439802 0.229496800910372 -1.4915554599392 0.232772474185872 -1.34032614701502 0.182223274965927
2641.22445675638 -1.72406048262064 0.251333960002299 -1.51913927244477 0.22498911870932 -1.48253251413501 0.215770801137573 -1.30991439528109 0.180092272921647
2646.59953321423 -1.89072576472108 0.283672940838998 -1.40359548600845 0.232890327537493 -1.49684656744915 0.22315265429777 -1.30077828059777 0.181507933123007
2651.97889010049 -1.74877330160598 0.252494893448713 -1.48815181451364 0.25231967624666 -1.47568270897584 0.217990306922879 -1.31623223430754 0.190641494019679
2657.35406525526 -1.74345454197555 0.237440838737528 -1.48678337382598 0.207020558228013 -1.51779900399008 0.210473197484497 -1.30000434243195 0.176085053284886
2662.72114789207 -1.84716521945029 0.283655426656211 -1.60841254266434 0.248237624236427 -1.48500688388224 0.246199339605688 -1.28531272798975 0.181479446341945
2668.08735105768 -1.9284075131909 0.203883540359542 -1.48301185341979 0.225041388350039 -1.47029777949768 0.244609809246022 -1.31743711405508 0.179970287195452
2673.46583350189 -1.70673636157244 0.245531468319186 -1.43487664359118 0.235824617575137 -1.52199454726217 0.247349479116927 -1.32213820689433 0.166583746428351
2678.85325838905 -1.69196911214749 0.301990914249402 -1.48411300303833 0.209475975323645 -1.54091320946093 0.265470382189498 -1.34207289176013 0.176685893266288
2684.22646149155 -1.69438959468334 0.224493236944441 -1.46913807215624 0.227848941455253 -1.51078451651886 0.221412829702338 -1.33489233758903 0.172880631362524
2689.72291377466 -1.86346375069479 0.238402336991371 -1.54940110864545 0.202166282494406 -1.45124997425631 0.240718949338834 -1.32519525710243 0.167875560115341
2695.09999497421 -1.738110873192 0.244290752391792 -1.57192109721218 0.253684292589955 -1.47853837921496 0.246500312957345 -1.32418752965188 0.181564923545486
2700.47010578308 -1.83634905575673 0.254334688520246 -1.59390645744697 0.215715891661777 -1.42582984282847 0.24092286332651 -1.32868080261844 0.174302851343376
2705.85865154024 -1.72379035188715 0.250923877788481 -1.44261178868346 0.182723221893841 -1.51302126170633 0.258266976912161 -1.32933574590581 0.166799491100583
2711.24010809325 -1.83429279547363 0.24220003566704 -1.49788608598028 0.223038042378423 -1.46192497880695 0.241621920356913 -1.3176176689419 0.166923726227729
2716.601815206 -1.83409731459051 0.231722718242694 -1.55070909904744 0.235836676435358 -1.56262486655071 0.243400163711378 -1.31160519858369 0.157952534384157
2721.96892110258 -1.71386749728481 0.237108720799299 -1.42755975174232 0.232895146990874 -1.46314951472362 0.259504729966004 -1.3491098128113 0.16482535989089
2727.35022175219 -1.75248720741729 0.272179715917091 -1.57182782488389 0.229585597287471 -1.53258579025662 0.261309144341432 -1.34933591392494 0.17617748542937
2732.72117619962 -1.90540814209908 0.255661107080883 -1.49260210888879 0.218370880728773 -1.51447793749133 0.257925449426487 -1.34881905059203 0.15282012301747
2738.08913453575 -1.75530750363032 0.267318388190447 -1.55542282956158 0.236227331815573 -1.48822204782839 0.252819941011516 -1.35596399926655 0.169946197514938
2743.45337067824 -1.83035745530287 0.269938776660425 -1.62286813380633 0.23525176397192 -1.51794449467018 0.228905249832003 -1.35157324628856 0.172113532055327
2748.83191347215 -1.90630360068326 0.266496585897514 -1.45679084780131 0.212824405862282 -1.51672874192393 0.236419326093632 -1.3682651032029 0.172512812261693
2754.19699388184 -1.74600731702094 0.253162033224599 -1.52055124538465 0.164925491850486 -1.51416232983268 0.256786466111812 -1.32320618139531 0.173827903410291
2759.56945015676 -1.81753623730401 0.252656015549193 -1.62916808100836 0.242382175993359 -1.58132647737141 0.254970670380636 -1.3409758508885 0.178572678605298
2764.93755182344 -1.71358220027332 0.206997386327956 -1.52686411934401 0.253041755317671 -1.51367839120706 0.237832268084112 -1.3750054596878 0.18032755055406
2770.31137602497 -1.80533810266797 0.215904959960526 -1.62535370337282 0.225895263888137 -1.45032275908073 0.261101313778475 -1.36703348083822 0.184966300128671
2775.69993875548 -1.83882238277738 0.237154854639031 -1.5696032037069 0.165734894482742 -1.54212754872599 0.276531703210445 -1.37285400354378 0.18489288401809
2781.07139423117 -1.78513106203536 0.317454436991043 -1.60039916681553 0.191722632754509 -1.56296395311749 0.219368486815874 -1.33379562619823 0.175022436822508
2786.43937394116 -1.76123702336281 0.229801702680235 -1.46869312720828 0.212734247111402 -1.56688767792223 0.265611940733315 -1.32924949881292 0.168844663596466
2791.83167646732 -1.79490720104604 0.297038663476301 -1.66525839837705 0.248852936420466 -1.44251511366604 0.235983098505351 -1.38482341508254 0.186198845346062
2797.21312924847 -1.74072412646274 0.256046559289886 -1.55172988074328 0.233060674149616 -1.49123288173035 0.241956265476865 -1.36496914681649 0.169086398147861
2802.57896025758 -1.77357328555445 0.245543215681878 -1.55947769107725 0.230800719386085 -1.54036254875739 0.241291798725918 -1.35667417453553 0.174041560573378
2807.9403153304 -1.97826317632143 0.255738306519718 -1.66944289254452 0.243179042362218 -1.55775932449654 0.245824121602418 -1.34881329957145 0.163795803690071
2813.32549407706 -2.03755745536546 0.249192855392338 -1.5966689159206 0.215825227978431 -1.55981893745223 0.238776479085523 -1.34426554713147 0.172182410901719
2818.73106662277 -1.94493334053914 0.239082387827708 -1.62281619878941 0.236659634652572 -1.50628100243369 0.251597824653793 -1.37441272626504 0.183926026674121
2824.09115372319 -1.74542972752397 0.233104501541747 -1.60396200614487 0.2271933080869 -1.50904466758168 0.267361936628255 -1.39296863814363 0.18091481237527
2829.45463675167 -1.83103722268288 0.221075528513737 -1.52564264284883 0.23058081934403 -1.55574117189365 0.251610202232378 -1.36253138058894 0.157340106846298
2834.83568657283 -1.86902409726326 0.253780425404174 -1.49726649346276 0.199988959604813 -1.49803617610808 0.22746792614074 -1.37834860225687 0.180327226722987
2840.20764056221 -1.69628288344984 0.261975097408553 -1.53181483941598 0.210428412330888 -1.51185703717549 0.237071258227964 -1.35907267454761 0.178917791741746
2845.5887218155 -1.93123236170868 0.250232626910688 -1.51037969189219 0.182515268221866 -1.55785671955066 0.22192722902745 -1.31369090087057 0.179614033695493
2850.9560810551 -1.7928696466879 0.23138903493647 -1.65041835206075 0.207102867433239 -1.59603870887115 0.252723965610009 -1.36220148626464 0.16263568921034
2856.33900423162 -1.74568366814583 0.27580952118602 -1.49338439079447 0.220652118945768 -1.46982246438659 0.23939136238527 -1.35923853026654 0.168158083626884
2861.7148312889 -1.71028929013937 0.208809099449056 -1.60926806601192 0.18560911785136 -1.53427430043614 0.255290761615662 -1.39182296236524 0.174344019453663
2867.08303919621 -1.82580906087105 0.193210829197242 -1.44590707319294 0.248967747254202 -1.55007155466631 0.243684144529134 -1.3784943132616 0.173571760677326
2872.44977796543 -1.91146796503608 0.213565246863639 -1.55741530182258 0.187615610367917 -1.56862751834472 0.241154624212193 -1.3629324792839 0.181534487283222
2877.85081799701 -1.77867167749946 0.255534454238145 -1.57590990262561 0.196892300657655 -1.54140900515397 0.225131142513583 -1.37883084025836 0.177258845473026
2883.23877345864 -1.83344810266226 0.223169196244002 -1.52733333753868 0.226568803058914 -1.54691758127449 0.245861308917263 -1.40260895927915 0.187152675984343
2888.60610189475 -1.83275861413722 0.203569886464565 -1.55774082588478 0.234475415685697 -1.50673009788709 0.246780753294992 -1.41432456016739 0.193146969763979
2893.97768812813 -1.90673904489904 0.200875424963656 -1.52793827476416 0.211246305737607 -1.52765578045722 0.251218752420492 -1.35188062330255 0.169125133259789
2899.35530178808 -1.84245347911065 0.229106177129197 -1.64858402805858 0.208647734879921 -1.52805141160882 0.255991976710156 -1.35500102662556 0.167983721745578
2904.73471525218 -1.80703038470392 0.254153314239446 -1.57541568475262 0.2240866606835 -1.5842300622948 0.240321920711232 -1.35386853920247 0.172955479219574
2910.11141863745 -1.78987948779195 0.18543865440158 -1.74224608364029 0.246770180268758 -1.51718695050197 0.252060458915103 -1.33243279000291 0.169179054528576
2915.48774798028 -1.87104369385997 0.226426779488819 -1.55980225848471 0.265277491024537 -1.51498180854872 0.25780485810423 -1.41082918899085 0.184659680813773
2920.86470345128 -1.94801085438758 0.303684911119959 -1.64244012209083 0.219899880324309 -1.60461553093949 0.255889547680574 -1.38306085358247 0.174229334246255
2926.27178285364 -1.84837110585431 0.22078450866691 -1.51859457614337 0.240714680674731 -1.52670246483324 0.259368116368087 -1.38979230000107 0.174554627064629
2931.65411259141 -1.91816642566482 0.257609319221999 -1.50247968184267 0.213238699355433 -1.59588285124021 0.268322060354826 -1.4094689927849 0.168460989022342
2937.02732009441 -1.70889377217918 0.265280963633658 -1.60308193462397 0.195704299536832 -1.59462298999227 0.262747959207935 -1.38613358477935 0.169199601706558
2942.41117240489 -1.84698341783314 0.232704346195008 -1.65461739050643 0.277240632920925 -1.59117732104817 0.252212854245563 -1.35170292116047 0.18269091960321
2947.7803528225 -1.91337061048989 0.262955982423862 -1.58133849623137 0.191998028129749 -1.59805845057684 0.244098343719777 -1.36990125401346 0.169908061246665
2953.15743276477 -1.99736848594193 0.245780322882909 -1.52021099376016 0.230457153473399 -1.5315773743959 0.261407643182345 -1.37497412834066 0.179444253475771
2958.71999437548 -1.78532861790518 0.258660440676366 -1.57860542061253 0.205958407024472 -1.58303156402865 0.236709051904136 -1.37308635983365 0.19351157982134
2964.13058977667 -1.8462535527492 0.230536183727126 -1.62961449893619 0.192369581555372 -1.56063129767056 0.238077858855839 -1.37184275610773 0.193373399416948
2969.53892017808 -1.83276288083653 0.255854276530827 -1.53780304836546 0.252882535052553 -1.59256654566246 0.252804608532493 -1.41773644344832 0.172643958125043
2974.94965828117 -1.89758258247321 0.269737208934189 -1.59392732801343 0.226063637389931 -1.61207816231802 0.222013022737166 -1.38114423891077 0.157783764139047
2980.37007873971 -1.86459551623921 0.212184417655366 -1.68273622366105 0.191148197841247 -1.5975804362269 0.242222114186383 -1.346587355006 0.188774698047431
2985.77305247635 -1.87423865058963 0.284362723281888 -1.62409660714202 0.204046663558191 -1.59596809652606 0.271652896696288 -1.37390418109155 0.178237950914485
2991.19023102429 -1.86919687560658 0.243139789014138 -1.67383187907235 0.231797394174268 -1.56921632389224 0.250683813071056 -1.39471901463296 0.168407668687116
2996.56981296465 -1.95988113802105 0.25385210339708 -1.55259210216327 0.176955905180509 -1.54684679863015 0.250501243226957 -1.36696494377495 0.179640658935305
3001.94367299881 -1.76972064806978 0.252022363484358 -1.50405400442396 0.193050151367689 -1.6212202333267 0.264819702792003 -1.37179262529 0.178808271341246
3007.32459457684 -1.92471558969646 0.22701470161907 -1.75465706633822 0.222708517832618 -1.59423563856438 0.253454822392179 -1.41228623198296 0.166735554817144
3012.69680065196 -1.81340159906904 0.257809710619441 -1.62541773962284 0.241711533630738 -1.58348405268946 0.282747495956762 -1.40962175866136 0.174962120971237
3018.08450088464 -1.83036588563482 0.279434165173101 -1.63423870476408 0.203163616423982 -1.55255570702632 0.25410160189336 -1.39529819958918 0.18337632260053
3023.44680520799 -1.90887028037469 0.257843569380086 -1.58534351708813 0.202156725585841 -1.65939459963913 0.261104165875473 -1.38219648606421 0.174290992840034
3028.83641337138 -1.79859699802046 0.277276363060893 -1.71529434295799 0.230710739821493 -1.56662529614726 0.236501533562112 -1.40346994506146 0.179316243595245
3034.21086810157 -1.95928732488483 0.249114448699672 -1.57316788258477 0.226898930378784 -1.55045448044932 0.241959424862237 -1.42660869168069 0.173708769782486
3039.57607046794 -1.94132667403846 0.222045450748582 -1.63540398451023 0.263691482470396 -1.58059775417762 0.245327687023867 -1.39111952159303 0.170908933698761
3044.96455901861 -1.91429211195737 0.196493851767671 -1.66432566019212 0.210952765986466 -1.61607734128113 0.250680024033308 -1.40989931927945 0.173501399461592
3050.34523165412 -1.7707132094497 0.248644687186968 -1.7254509937995 0.253247830464207 -1.62572698947945 0.234639200791854 -1.40092909260122 0.171385380966476
3055.72405985184 -1.91553928451185 0.232271736955042 -1.61079726266162 0.220700800996415 -1.67099549635525 0.261857479266801 -1.39057649513254 0.17537990335132
3061.09039377514 -1.87286894578665 0.308407325116961 -1.5824581463864 0.195450017571463 -1.57392406690672 0.230231385577802 -1.40812613325145 0.173297951825922
3066.45687228628 -1.90664521601229 0.242040479859569 -1.67649286957903 0.226193660476586 -1.63082152087048 0.249207450263405 -1.43593083494418 0.190656249163929
3071.83555212431 -1.82449518202702 0.246208713216604 -1.65728283422523 0.242403220580574 -1.63855075318172 0.230103311395745 -1.39291387637624 0.178883262119604
3077.2118984405 -2.12877306711107 0.252628637043089 -1.61636690320865 0.246443633533207 -1.5523091428335 0.259956296493961 -1.42419619037239 0.176754489427629
3082.61408260185 -1.86095044634203 0.234896618112501 -1.57907646270924 0.197559720016901 -1.63856477091706 0.259011299939651 -1.39891961389296 0.172543882144431
3087.99253864307 -1.93722387648086 0.280657114562261 -1.59431523504163 0.259713165769344 -1.64400454731224 0.255919453754565 -1.3443880437828 0.195191922184655
3093.36874162871 -1.89376522597104 0.283747241793052 -1.71813687431149 0.210159666260953 -1.60053248504794 0.274677182677316 -1.40753344370453 0.182578528628901
3098.74594415631 -1.92293326615254 0.282648192699626 -1.59754793690963 0.245783921807547 -1.62503082106507 0.232376989139517 -1.43725444052118 0.185633986018551
3104.11102645192 -1.87507257110337 0.220525147127334 -1.64864049228363 0.211893909107491 -1.66075642527578 0.237558393262752 -1.41044179688081 0.184131808133322
3109.48310239799 -1.86482303151433 0.235726433641688 -1.68626597645216 0.240457088182214 -1.6208504769774 0.253173528974223 -1.40516200088971 0.181010695443326
3114.86668502074 -1.9287918172422 0.229187409741016 -1.73483464466854 0.223552357816974 -1.62603791817303 0.249164231891108 -1.37778132332889 0.175446492256106
3120.24751167372 -1.817506610691 0.269342885585829 -1.60760990726267 0.2688183175263 -1.66492489845989 0.248753513504646 -1.44093970298966 0.198639111763121
3125.62684152834 -1.9752996010975 0.223406594617573 -1.48311071964436 0.228931996917058 -1.62762249168912 0.241509768769852 -1.43135954363672 0.181430079996324
3130.99804743286 -1.91075365800589 0.195317775978126 -1.53369493456985 0.219963901973475 -1.65701514070945 0.269622805747268 -1.39585344500185 0.183738609358748
3136.37400147598 -2.0775082160676 0.251909398405659 -1.75107937055163 0.2286926605525 -1.58526167394159 0.241979684323731 -1.48324608312871 0.19342117559649
3141.74907793384 -1.94228979507034 0.263953601436399 -1.59002376841836 0.224840219688477 -1.61462283361509 0.262588403286721 -1.38872591164565 0.193907090170291
3147.5785310762 -1.90731289544647 0.235123363214584 -1.58542765500461 0.236067694847126 -1.64076757019477 0.230906749857873 -1.41338743027902 0.182293341378503
3152.94651455805 -1.96625299748212 0.249661265404811 -1.75802769633465 0.217907875527889 -1.63436959485209 0.257952320987506 -1.42345680965511 0.184005380943837
3158.33031531982 -1.86566189610903 0.251222063306941 -1.73021041350894 0.210216933835088 -1.60700205621281 0.2455864022646 -1.3989125888231 0.184102070738283
3163.70264209434 -1.84452930399721 0.245394473112456 -1.59093384938769 0.257758888619126 -1.61753457053776 0.277572100182674 -1.44288914988622 0.196712510699249
3169.067845718 -1.94038999139229 0.27793089079917 -1.6889655907682 0.195358429435405 -1.57107961085597 0.269547511600145 -1.4288360419225 0.190226811601625
3174.43370690197 -1.8726258190618 0.268927203620522 -1.70726025077029 0.225301900863261 -1.69786011016088 0.249387880618748 -1.42939596298831 0.189756631246588
3179.80875569955 -2.11724230022674 0.26767290888985 -1.69707481759106 0.260655572398807 -1.65657874317406 0.27461892257211 -1.47328654269561 0.18554210054814
3185.19021413848 -1.98280873084013 0.261879862913518 -1.67705385657446 0.223252719212613 -1.60446337731121 0.257241703176426 -1.41706530259873 0.181769246772112
3190.5585414879 -2.03477070042436 0.202597439791234 -1.65144448550855 0.240675235814539 -1.68541349910577 0.285701095237222 -1.46313724756439 0.180137149797267
3195.93028488196 -1.88207174771969 0.21643774197689 -1.73064867454077 0.197647696736343 -1.63560230724891 0.271683510798688 -1.43300472372286 0.176224165356792
3201.32182486448 -1.89586591282432 0.222032161709721 -1.56597731830989 0.234837697411766 -1.60586010359605 0.254716782071704 -1.43410953637815 0.189166187826096
3206.69727976527 -1.88933152950267 0.266079614006018 -1.60604517059819 0.181206401248975 -1.645386142532 0.2349245946859 -1.41908523861068 0.19107037089865
3212.0746092787 -1.87125689532786 0.262866737359943 -1.68679665225063 0.247333879822069 -1.67906632607894 0.271901333461891 -1.43633039219705 0.189247987652912
3217.45471487846 -1.90705638872032 0.264961877718648 -1.75136715071694 0.233359605339874 -1.60224955010965 0.261109671445674 -1.42962015923715 0.182302665650403